0 136.5,34.1,648.5,955.7 30,69,296,324,581,623,685,691,736,801,953,1125,1232,1318,1392,1520,1581,1619,1643,1688,1707,1754,2017,2194,2204,2221,2279,2293,2423,2588,2916,2918,2939,2956,3041,3268,3303,3313,3317,3349,3458,3534,3599,3620,3784,3797,3907,3985,4028,4035,4083,4093,4118,4157,4236,4255,4260,4290,4486,4644,4682,4900,4960,4969,4984 9,92,185,232,322,511,606,660,690,795,871,1004,1144,1206,1256,1424,1516,1537,1687,1813,1932,2224,2287,2354,2549,2739,2847,3133,3151,3998,4052,4249,4327,4367,4493,4634,4700,4764 72,258,275,355,383,503,814,1324,1352,1372,1949,2048,2090,2137,2198,2301,2431,2541,2682,2802,2844,3088,3176,3453,3633,3681,3701,3819,4254,4424,4596,4680,4772
1 78,5,714,1000 30,69,296,324,581,623,685,691,736,801,953,1125,1232,1318,1392,1520,1581,1619,1643,1688,1707,1754,2017,2194,2204,2221,2279,2293,2423,2588,2916,2918,2939,2956,3041,3268,3303,3313,3317,3349,3458,3534,3599,3620,3784,3797,3907,3985,4028,4035,4083,4093,4118,4157,4236,4255,4260,4290,4486,4644,4682,4900,4960,4969,4984 9,92,185,232,322,511,606,660,690,795,871,1004,1144,1206,1256,1424,1516,1537,1687,1813,1932,2224,2287,2354,2549,2739,2847,3133,3151,3998,4052,4249,4327,4367,4493,4634,4700,4764 72,258,275,355,383,503,814,1324,1352,1372,1949,2048,2090,2137,2198,2301,2431,2541,2682,2802,2844,3088,3176,3453,3633,3681,3701,3819,4254,4424,4596,4680,4772
2 186,163,589,859 30,69,296,324,581,623,685,691,736,801,953,1125,1232,1318,1392,1520,1581,1619,1643,1688,1707,1754,2017,2194,2204,2221,2279,2293,2423,2588,2916,2918,2939,2956,3041,3268,3303,3313,3317,3349,3458,3534,3599,3620,3784,3797,3907,3985,4028,4035,4083,4093,4118,4157,4236,4255,4260,4290,4486,4644,4682,4900,4960,4969,4984 9,92,185,232,322,511,606,660,690,795,871,1004,1144,1206,1256,1424,1516,1537,1687,1813,1932,2224,2287,2354,2549,2739,2847,3133,3151,3998,4052,4249,4327,4367,4493,4634,4700,4764 72,258,275,355,383,503,814,1324,1352,1372,1949,2048,2090,2137,2198,2301,2431,2541,2682,2802,2844,3088,3176,3453,3633,3681,3701,3819,4254,4424,4596,4680,4772
3 430,120,643,470 30,69,296,324,581,623,685,691,736,801,953,1125,1232,1318,1392,1520,1581,1619,1643,1688,1707,1754,2017,2194,2204,2221,2279,2293,2423,2588,2916,2918,2939,2956,3041,3268,3303,3313,3317,3349,3458,3534,3599,3620,3784,3797,3907,3985,4028,4035,4083,4093,4118,4157,4236,4255,4260,4290,4486,4644,4682,4900,4960,4969,4984 9,92,185,232,322,511,606,660,690,795,871,1004,1144,1206,1256,1424,1516,1537,1687,1813,1932,2224,2287,2354,2549,2739,2847,3133,3151,3998,4052,4249,4327,4367,4493,4634,4700,4764 72,258,275,355,383,503,814,1324,1352,1372,1949,2048,2090,2137,2198,2301,2431,2541,2682,2802,2844,3088,3176,3453,3633,3681,3701,3819,4254,4424,4596,4680,4772
4 187,450,519,983 30,69,296,324,581,623,685,691,736,801,953,1125,1232,1318,1392,1520,1581,1619,1643,1688,1707,1754,2017,2194,2204,2221,2279,2293,2423,2588,2916,2918,2939,2956,3041,3268,3303,3313,3317,3349,3458,3534,3599,3620,3784,3797,3907,3985,4028,4035,4083,4093,4118,4157,4236,4255,4260,4290,4486,4644,4682,4900,4960,4969,4984 9,92,185,232,322,511,606,660,690,795,871,1004,1144,1206,1256,1424,1516,1537,1687,1813,1932,2224,2287,2354,2549,2739,2847,3133,3151,3998,4052,4249,4327,4367,4493,4634,4700,4764 72,258,275,355,383,503,814,1324,1352,1372,1949,2048,2090,2137,2198,2301,2431,2541,2682,2802,2844,3088,3176,3453,3633,3681,3701,3819,4254,4424,4596,4680,4772
5 187.7,17.1,887.5,238.9 969,1258,2200,2275,2342,2459,2651,2998,3112,3333,3431,4170 259,558,1517,2062,2103,2215,3918,4725 2069
6 287,0,735,218 969,1258,2200,2275,2342,2459,2651,2998,3112,3333,3431,4170 259,558,1517,2062,2103,2215,3918,4725 2069
7 543,56,994,438 969,1258,2200,2275,2342,2459,2651,2998,3112,3333,3431,4170 259,558,1517,2062,2103,2215,3918,4725 2069
8 18,49,761,416 969,1258,2200,2275,2342,2459,2651,2998,3112,3333,3431,4170 259,558,1517,2062,2103,2215,3918,4725 2069
9 364,169,697,391 969,1258,2200,2275,2342,2459,2651,2998,3112,3333,3431,4170 259,558,1517,2062,2103,2215,3918,4725 2069
10 6.8,34.1,682.6,716.8 605,607,933,3152,3174,3829 245,412,1059,2205,2911,3971,4457,4498,4573,4828 1030,1629
11 0,0,768,990  1629,4259 245,412,605,607,933,1030,1059,2205,2911,3152,3174,3829,3971,4457,4498,4573
12 441,37,931,737 605,607,933,3152,3174,3829 245,412,1059,2205,2911,3971,4457,4498,4573,4828 1030,1629
13 324,54,734,755 605,607,933,3152,3174,3829 245,412,1059,2205,2911,3971,4457,4498,4573,4828 1030,1629
14 430,36,880,688 605,607,933,3152,3174,3829 245,412,1059,2205,2911,3971,4457,4498,4573,4828 1030,1629
15 238.9,170.7,750.9,614.4 39,233,314,456,708,905,1184,1506,1884,2063,3100,3102,3652,3668,4103,4297,4364,4538,4758 254,1364,1718,4524,4745 2044,2115,3931
16 2,4,439,387 39,233,314,456,708,905,1184,1506,1884,2063,3100,3102,3652,3668,4103,4297,4364,4538,4758 254,1364,1718,4524,4745 2044,2115,3931
17 148,19,516,307 39,233,314,456,708,905,1184,1506,1884,2063,3100,3102,3652,3668,4103,4297,4364,4538,4758 254,1364,1718,4524,4745 2044,2115,3931
18 396,219,623,419 39,233,314,456,708,905,1184,1506,1884,2063,3100,3102,3652,3668,4103,4297,4364,4538,4758 254,1364,1718,4524,4745 2044,2115,3931
19 428,289,651,482 39,233,314,456,708,905,1184,1506,1884,2063,3100,3102,3652,3668,4103,4297,4364,4538,4758 254,1364,1718,4524,4745 2044,2115,3931
20 204.8,6.8,409.6,546.1 60,437,549,629,631,830,941,999,1119,1264,1335,1359,1522,1540,1808,1891,1893,2058,2274,2341,2391,2517,2637,2735,2740,2820,2868,3080,3158,3237,3251,3258,3304,3332,3506,3546,3557,3587,3684,3790,3801,4218,4299,4531,4594,4646,4735,4812 75,455,875,1169,1406,1442,1487,1670,1689,1869,2092,2094,2099,2111,2567,2667,2707,2744,3062,3118,3192,3339,3452,3468,3495,3640,3785,3819,3896,4098,4113,4123,4586,4704,4803,4948,4992 50,58,73,102,132,152,235,242,275,413,458,491,506,602,646,655,698,722,728,927,1005,1240,1331,1489,1502,1776,1959,1974,2021,2054,2068,2137,2155,2158,2213,2363,2368,2411,2764,3021,3081,3144,3218,3240,3243,3519,3532,3681,3716,3736,3822,3942,4153,4182,4350,4402,4595,4674,4721,4800,4852,4853
21 333,53,509,576 60,437,549,629,631,830,941,999,1119,1264,1335,1359,1522,1540,1808,1891,1893,2058,2274,2341,2391,2517,2637,2735,2740,2820,2868,3080,3158,3237,3251,3258,3304,3332,3506,3546,3557,3587,3684,3790,3801,4218,4299,4531,4594,4646,4735,4812 75,455,875,1169,1406,1442,1487,1670,1689,1869,2092,2094,2099,2111,2567,2667,2707,2744,3062,3118,3192,3339,3452,3468,3495,3640,3785,3819,3896,4098,4113,4123,4586,4704,4803,4948,4992 50,58,73,102,132,152,235,242,275,413,458,491,506,602,646,655,698,722,728,927,1005,1240,1331,1489,1502,1776,1959,1974,2021,2054,2068,2137,2155,2158,2213,2363,2368,2411,2764,3021,3081,3144,3218,3240,3243,3519,3532,3681,3716,3736,3822,3942,4153,4182,4350,4402,4595,4674,4721,4800,4852,4853
22 89,389,228,814 60,437,549,629,631,830,941,999,1119,1264,1335,1359,1522,1540,1808,1891,1893,2058,2274,2341,2391,2517,2637,2735,2740,2820,2868,3080,3158,3237,3251,3258,3304,3332,3506,3546,3557,3587,3684,3790,3801,4218,4299,4531,4594,4646,4735,4812 75,455,875,1169,1406,1442,1487,1670,1689,1869,2092,2094,2099,2111,2567,2667,2707,2744,3062,3118,3192,3339,3452,3468,3495,3640,3785,3819,3896,4098,4113,4123,4586,4704,4803,4948,4992 50,58,73,102,132,152,235,242,275,413,458,491,506,602,646,655,698,722,728,927,1005,1240,1331,1489,1502,1776,1959,1974,2021,2054,2068,2137,2155,2158,2213,2363,2368,2411,2764,3021,3081,3144,3218,3240,3243,3519,3532,3681,3716,3736,3822,3942,4153,4182,4350,4402,4595,4674,4721,4800,4852,4853
23 282,176,451,723 60,437,549,629,631,830,941,999,1119,1264,1335,1359,1522,1540,1808,1891,1893,2058,2274,2341,2391,2517,2637,2735,2740,2820,2868,3080,3158,3237,3251,3258,3304,3332,3506,3546,3557,3587,3684,3790,3801,4218,4299,4531,4594,4646,4735,4812 75,455,875,1169,1406,1442,1487,1670,1689,1869,2092,2094,2099,2111,2567,2667,2707,2744,3062,3118,3192,3339,3452,3468,3495,3640,3785,3819,3896,4098,4113,4123,4586,4704,4803,4948,4992 50,58,73,102,132,152,235,242,275,413,458,491,506,602,646,655,698,722,728,927,1005,1240,1331,1489,1502,1776,1959,1974,2021,2054,2068,2137,2155,2158,2213,2363,2368,2411,2764,3021,3081,3144,3218,3240,3243,3519,3532,3681,3716,3736,3822,3942,4153,4182,4350,4402,4595,4674,4721,4800,4852,4853
24 267,106,476,768 132,437,491,506,602,927,1240,1331,1776,1959,2213,3218,3736,3942,4350,4595,4852 58,75,152,235,242,275,413,455,458,646,722,728,875,1169,1442,1489,1502,1670,2054,2068,2092,2094,2099,2111,2137,2155,2363,2368,2411,2567,2667,2707,2764,3021,3081,3118,3192,3240,3339,3468,3495,3519,3716,3785,3822,3896,4098,4153,4182,4402,4586,4674,4704,4721,4800,4803,4853 50,60,102,549,629,631,655,698,830,941,999,1005,1119,1121,1264,1335,1359,1406,1487,1522,1540,1689,1808,1869,1891,1893,1936,2021,2058,2274,2341,2391,2517,2637,2735,2740,2744,2820,2868,3062,3080,3144,3158,3237,3243,3251,3258,3304,3308,3332,3452,3506,3532,3546,3557,3587,3640,3681,3684,3790,3801,3819,4113,4123,4218,4299,4531,4594,4646,4735,4812,4906,4948,4992
25 34.1,119.5,682.7,682.7 1625,2468,2785 696,782,2112,2155,3459,3716,3751,3840,4182,4965 458,518,874,932,1176,3173,4422,4658,4949
26 448,190,760,700 1625,2468,2785 696,782,2112,2155,3459,3716,3751,3840,4182,4965 458,518,874,932,1176,3173,4422,4658,4949
27 258,66,728,447 1625,2468,2785 696,782,2112,2155,3459,3716,3751,3840,4182,4965 458,518,874,932,1176,3173,4422,4658,4949
28 133,4,919,558 1625,2468,2785 696,782,2112,2155,3459,3716,3751,3840,4182,4965 458,518,874,932,1176,3173,4422,4658,4949
29 354,247,751,794 1625,2468,2785 696,782,2112,2155,3459,3716,3751,3840,4182,4965 458,518,874,932,1176,3173,4422,4658,4949
30 68.3,17.1,853.3,546.1 88,117,265,519,763,784,972,1009,1242,1269,1375,1654,1733,1849,2237,2397,2725,2814,3005,3078,3281,3653,3708,3779,4560,4577,4599,4739,4883,4966 163,322,344,494,980,1571,1767,2722,2753,3166,4061 114,438,1363,1779,1896,1940,2181,2794,2886,3000,3508,3899,4012,4479,4648,4831
31 162,17,829,565 88,117,265,519,763,784,972,1009,1242,1269,1375,1654,1733,1849,2237,2397,2725,2814,3005,3078,3281,3653,3708,3779,4560,4577,4599,4739,4883,4966 163,322,344,494,980,1571,1767,2722,2753,3166,4061 114,438,1363,1779,1896,1940,2181,2794,2886,3000,3508,3899,4012,4479,4648,4831
32 85,3,962,622 88,117,265,519,763,784,972,1009,1242,1269,1375,1654,1733,1849,2237,2397,2725,2814,3005,3078,3281,3653,3708,3779,4560,4577,4599,4739,4883,4966 163,322,344,494,980,1571,1767,2722,2753,3166,4061 114,438,1363,1779,1896,1940,2181,2794,2886,3000,3508,3899,4012,4479,4648,4831
33 50,69,980,746 88,117,265,519,763,784,972,1009,1242,1269,1375,1654,1733,1849,2237,2397,2725,2814,3005,3078,3281,3653,3708,3779,4560,4577,4599,4739,4883,4966 163,322,344,494,980,1571,1767,2722,2753,3166,4061 114,438,1363,1779,1896,1940,2181,2794,2886,3000,3508,3899,4012,4479,4648,4831
34 231,25,859,481 88,117,265,519,763,784,972,1009,1242,1269,1375,1654,1733,1849,2237,2397,2725,2814,3005,3078,3281,3653,3708,3779,4560,4577,4599,4739,4883,4966 163,322,344,494,980,1571,1767,2722,2753,3166,4061 114,438,1363,1779,1896,1940,2181,2794,2886,3000,3508,3899,4012,4479,4648,4831
35 409.6,85.3,614.4,614.4 3951 3310 773,1090,1384,1645,2247,4328,4375
36 405,20,619,630 3951 3310 773,1090,1384,1645,2247,4328,4375
37 409,20,670,706 3951 3310 773,1090,1384,1645,2247,4328,4375
38 562,71,752,509 3951 3310 773,1090,1384,1645,2247,4328,4375
39 329,65,540,599 3951 3310 773,1090,1384,1645,2247,4328,4375
40 341.3,51.2,682.7,614.4 47,86,214,366,369,535,613,719,788,906,1028,1056,1112,1137,1170,1205,1254,1271,1283,1333,1454,1533,1560,1833,1986,2236,2572,2705,3245,3323,3427,3733,3798,3890,4289,4542,4623,4693,4727 97,208,209,261,325,420,462,574,593,606,711,741,747,800,842,929,937,949,1039,1133,1145,1192,1217,1244,1371,1373,1439,1503,1729,2030,2093,2281,2410,2467,2811,2903,2907,2934,2987,3069,3098,3115,3211,3235,3293,3296,3728,3731,3771,3851,4006,4029,4031,4072,4220,4354,4367,4504,4506,4582,4696,4747,4755,4801,4991 43,275,523,690,1124,1256,1468,1681,1689,1871,3326,3453,3474,3532,3681,4581,4660
41 349,148,521,571 47,86,214,366,369,535,613,719,788,906,1028,1056,1112,1137,1170,1205,1254,1271,1283,1333,1454,1533,1560,1833,1986,2236,2572,2705,3245,3323,3427,3733,3798,3890,4289,4542,4623,4693,4727 97,208,209,261,325,420,462,574,593,606,711,741,747,800,842,929,937,949,1039,1133,1145,1192,1217,1244,1371,1373,1439,1503,1729,2030,2093,2281,2410,2467,2811,2903,2907,2934,2987,3069,3098,3115,3211,3235,3293,3296,3728,3731,3771,3851,4006,4029,4031,4072,4220,4354,4367,4504,4506,4582,4696,4747,4755,4801,4991 43,275,523,690,1124,1256,1468,1681,1689,1871,3326,3453,3474,3532,3681,4581,4660
42 455,71,755,782 47,86,214,366,369,535,613,719,788,906,1028,1056,1112,1137,1170,1205,1254,1271,1283,1333,1454,1533,1560,1833,1986,2236,2572,2705,3245,3323,3427,3733,3798,3890,4289,4542,4623,4693,4727 97,208,209,261,325,420,462,574,593,606,711,741,747,800,842,929,937,949,1039,1133,1145,1192,1217,1244,1371,1373,1439,1503,1729,2030,2093,2281,2410,2467,2811,2903,2907,2934,2987,3069,3098,3115,3211,3235,3293,3296,3728,3731,3771,3851,4006,4029,4031,4072,4220,4354,4367,4504,4506,4582,4696,4747,4755,4801,4991 43,275,523,690,1124,1256,1468,1681,1689,1871,3326,3453,3474,3532,3681,4581,4660
43 280,222,404,503 47,86,214,366,369,535,613,719,788,906,1028,1056,1112,1137,1170,1205,1254,1271,1283,1333,1454,1533,1560,1833,1986,2236,2572,2705,3245,3323,3427,3733,3798,3890,4289,4542,4623,4693,4727 97,208,209,261,325,420,462,574,593,606,711,741,747,800,842,929,937,949,1039,1133,1145,1192,1217,1244,1371,1373,1439,1503,1729,2030,2093,2281,2410,2467,2811,2903,2907,2934,2987,3069,3098,3115,3211,3235,3293,3296,3728,3731,3771,3851,4006,4029,4031,4072,4220,4354,4367,4504,4506,4582,4696,4747,4755,4801,4991 43,275,523,690,1124,1256,1468,1681,1689,1871,3326,3453,3474,3532,3681,4581,4660
44 45,59,435,831 47,86,214,366,369,535,613,719,788,906,1028,1056,1112,1137,1170,1205,1254,1271,1283,1333,1454,1533,1560,1833,1986,2236,2572,2705,3245,3323,3427,3733,3798,3890,4289,4542,4623,4693,4727 97,208,209,261,325,420,462,574,593,606,711,741,747,800,842,929,937,949,1039,1133,1145,1192,1217,1244,1371,1373,1439,1503,1729,2030,2093,2281,2410,2467,2811,2903,2907,2934,2987,3069,3098,3115,3211,3235,3293,3296,3728,3731,3771,3851,4006,4029,4031,4072,4220,4354,4367,4504,4506,4582,4696,4747,4755,4801,4991 43,275,523,690,1124,1256,1468,1681,1689,1871,3326,3453,3474,3532,3681,4581,4660
45 68.3,51.2,989.9,682.7 3723 2505 3362
46 2,2,1024,759 3723 2505 3362
47 4,3,1012,628 3723 2505 3362
48 123,96,768,863 3723 2505 3362
49 458,5,1021,688 3723 2505 3362
50 68.3,51.2,682.7,989.9 7,9,29,67,71,87,125,129,164,183,241,252,256,258,281,291,306,319,352,429,435,446,447,483,507,508,526,540,564,570,585,621,740,752,764,768,790,799,802,825,831,881,886,899,909,910,911,925,945,966,991,996,1018,1019,1034,1075,1126,1138,1144,1191,1202,1236,1245,1246,1305,1411,1418,1423,1458,1463,1486,1501,1534,1537,1557,1564,1565,1570,1591,1603,1605,1606,1612,1616,1630,1697,1701,1722,1741,1770,1789,1793,1813,1844,1864,1866,1898,1929,1946,1958,1964,1988,2032,2086,2113,2114,2167,2172,2190,2217,2219,2229,2268,2276,2284,2302,2317,2319,2329,2435,2441,2442,2462,2512,2551,2552,2566,2575,2578,2594,2649,2702,2745,2752,2759,2789,2798,2803,2910,2928,2932,2941,2957,2964,2968,2975,2985,3007,3008,3043,3047,3054,3089,3094,3104,3133,3150,3171,3190,3198,3214,3222,3225,3239,3269,3277,3309,3315,3325,3329,3371,3390,3424,3499,3533,3550,3555,3567,3580,3582,3590,3626,3642,3645,3674,3679,3721,3726,3759,3764,3780,3794,3796,3930,3956,3962,3978,3995,4017,4034,4044,4057,4119,4122,4130,4155,4187,4197,4240,4257,4300,4327,4335,4355,4360,4384,4386,4391,4410,4415,4424,4426,4476,4493,4517,4543,4552,4571,4572,4574,4587,4598,4622,4627,4654,4659,4673,4698,4706,4714,4779,4811,4844,4855,4891,4902,4931,4964 2,72,79,92,122,171,248,275,280,311,342,355,383,406,511,562,593,606,616,641,648,683,735,795,796,975,1033,1053,1088,1122,1163,1206,1256,1257,1297,1324,1352,1358,1372,1424,1505,1516,1633,1636,1828,1894,1900,1909,1949,2048,2137,2178,2198,2243,2367,2414,2431,2489,2549,2570,2600,2641,2673,2716,2782,2844,3018,3167,3374,3399,3425,3453,3479,3532,3595,3615,3633,3681,3701,3715,3792,3819,3833,3883,3994,4249,4254,4279,4330,4380,4507,4540,4596,4700,4730,4764,4780,4783,4943 124,143,267,350,371,436,477,499,583,647,1016,1094,1128,1355,1512,1689,1779,1782,1843,2055,2117,2354,2369,2450,2510,2563,2618,2718,2727,2917,2972,3000,3028,3063,3088,3096,3261,3345,3420,3451,3492,3525,3551,3594,3627,3665,3998,4074,4085,4135,4248,4285,4323,4463,4477,4528,4882
51 5,4,761,774 7,9,29,67,71,87,125,129,164,183,241,252,256,258,281,291,306,319,352,429,435,446,447,483,507,508,526,540,564,570,585,621,740,752,764,768,790,799,802,825,831,881,886,899,909,910,911,925,945,966,991,996,1018,1019,1034,1075,1126,1138,1144,1191,1202,1236,1245,1246,1305,1411,1418,1423,1458,1463,1486,1501,1534,1537,1557,1564,1565,1570,1591,1603,1605,1606,1612,1616,1630,1697,1701,1722,1741,1770,1789,1793,1813,1844,1864,1866,1898,1929,1946,1958,1964,1988,2032,2086,2113,2114,2167,2172,2190,2217,2219,2229,2268,2276,2284,2302,2317,2319,2329,2435,2441,2442,2462,2512,2551,2552,2566,2575,2578,2594,2649,2702,2745,2752,2759,2789,2798,2803,2910,2928,2932,2941,2957,2964,2968,2975,2985,3007,3008,3043,3047,3054,3089,3094,3104,3133,3150,3171,3190,3198,3214,3222,3225,3239,3269,3277,3309,3315,3325,3329,3371,3390,3424,3499,3533,3550,3555,3567,3580,3582,3590,3626,3642,3645,3674,3679,3721,3726,3759,3764,3780,3794,3796,3930,3956,3962,3978,3995,4017,4034,4044,4057,4119,4122,4130,4155,4187,4197,4240,4257,4300,4327,4335,4355,4360,4384,4386,4391,4410,4415,4424,4426,4476,4493,4517,4543,4552,4571,4572,4574,4587,4598,4622,4627,4654,4659,4673,4698,4706,4714,4779,4811,4844,4855,4891,4902,4931,4964 2,72,79,92,122,171,248,275,280,311,342,355,383,406,511,562,593,606,616,641,648,683,735,795,796,975,1033,1053,1088,1122,1163,1206,1256,1257,1297,1324,1352,1358,1372,1424,1505,1516,1633,1636,1828,1894,1900,1909,1949,2048,2137,2178,2198,2243,2367,2414,2431,2489,2549,2570,2600,2641,2673,2716,2782,2844,3018,3167,3374,3399,3425,3453,3479,3532,3595,3615,3633,3681,3701,3715,3792,3819,3833,3883,3994,4249,4254,4279,4330,4380,4507,4540,4596,4700,4730,4764,4780,4783,4943 124,143,267,350,371,436,477,499,583,647,1016,1094,1128,1355,1512,1689,1779,1782,1843,2055,2117,2354,2369,2450,2510,2563,2618,2718,2727,2917,2972,3000,3028,3063,3088,3096,3261,3345,3420,3451,3492,3525,3551,3594,3627,3665,3998,4074,4085,4135,4248,4285,4323,4463,4477,4528,4882
52 38,8,686,984 7,9,29,67,71,87,125,129,164,183,241,252,256,258,281,291,306,319,352,429,435,446,447,483,507,508,526,540,564,570,585,621,740,752,764,768,790,799,802,825,831,881,886,899,909,910,911,925,945,966,991,996,1018,1019,1034,1075,1126,1138,1144,1191,1202,1236,1245,1246,1305,1411,1418,1423,1458,1463,1486,1501,1534,1537,1557,1564,1565,1570,1591,1603,1605,1606,1612,1616,1630,1697,1701,1722,1741,1770,1789,1793,1813,1844,1864,1866,1898,1929,1946,1958,1964,1988,2032,2086,2113,2114,2167,2172,2190,2217,2219,2229,2268,2276,2284,2302,2317,2319,2329,2435,2441,2442,2462,2512,2551,2552,2566,2575,2578,2594,2649,2702,2745,2752,2759,2789,2798,2803,2910,2928,2932,2941,2957,2964,2968,2975,2985,3007,3008,3043,3047,3054,3089,3094,3104,3133,3150,3171,3190,3198,3214,3222,3225,3239,3269,3277,3309,3315,3325,3329,3371,3390,3424,3499,3533,3550,3555,3567,3580,3582,3590,3626,3642,3645,3674,3679,3721,3726,3759,3764,3780,3794,3796,3930,3956,3962,3978,3995,4017,4034,4044,4057,4119,4122,4130,4155,4187,4197,4240,4257,4300,4327,4335,4355,4360,4384,4386,4391,4410,4415,4424,4426,4476,4493,4517,4543,4552,4571,4572,4574,4587,4598,4622,4627,4654,4659,4673,4698,4706,4714,4779,4811,4844,4855,4891,4902,4931,4964 2,72,79,92,122,171,248,275,280,311,342,355,383,406,511,562,593,606,616,641,648,683,735,795,796,975,1033,1053,1088,1122,1163,1206,1256,1257,1297,1324,1352,1358,1372,1424,1505,1516,1633,1636,1828,1894,1900,1909,1949,2048,2137,2178,2198,2243,2367,2414,2431,2489,2549,2570,2600,2641,2673,2716,2782,2844,3018,3167,3374,3399,3425,3453,3479,3532,3595,3615,3633,3681,3701,3715,3792,3819,3833,3883,3994,4249,4254,4279,4330,4380,4507,4540,4596,4700,4730,4764,4780,4783,4943 124,143,267,350,371,436,477,499,583,647,1016,1094,1128,1355,1512,1689,1779,1782,1843,2055,2117,2354,2369,2450,2510,2563,2618,2718,2727,2917,2972,3000,3028,3063,3088,3096,3261,3345,3420,3451,3492,3525,3551,3594,3627,3665,3998,4074,4085,4135,4248,4285,4323,4463,4477,4528,4882
53 66,131,670,837 7,9,29,67,71,87,125,129,164,183,241,252,256,258,281,291,306,319,352,429,435,446,447,483,507,508,526,540,564,570,585,621,740,752,764,768,790,799,802,825,831,881,886,899,909,910,911,925,945,966,991,996,1018,1019,1034,1075,1126,1138,1144,1191,1202,1236,1245,1246,1305,1411,1418,1423,1458,1463,1486,1501,1534,1537,1557,1564,1565,1570,1591,1603,1605,1606,1612,1616,1630,1697,1701,1722,1741,1770,1789,1793,1813,1844,1864,1866,1898,1929,1946,1958,1964,1988,2032,2086,2113,2114,2167,2172,2190,2217,2219,2229,2268,2276,2284,2302,2317,2319,2329,2435,2441,2442,2462,2512,2551,2552,2566,2575,2578,2594,2649,2702,2745,2752,2759,2789,2798,2803,2910,2928,2932,2941,2957,2964,2968,2975,2985,3007,3008,3043,3047,3054,3089,3094,3104,3133,3150,3171,3190,3198,3214,3222,3225,3239,3269,3277,3309,3315,3325,3329,3371,3390,3424,3499,3533,3550,3555,3567,3580,3582,3590,3626,3642,3645,3674,3679,3721,3726,3759,3764,3780,3794,3796,3930,3956,3962,3978,3995,4017,4034,4044,4057,4119,4122,4130,4155,4187,4197,4240,4257,4300,4327,4335,4355,4360,4384,4386,4391,4410,4415,4424,4426,4476,4493,4517,4543,4552,4571,4572,4574,4587,4598,4622,4627,4654,4659,4673,4698,4706,4714,4779,4811,4844,4855,4891,4902,4931,4964 2,72,79,92,122,171,248,275,280,311,342,355,383,406,511,562,593,606,616,641,648,683,735,795,796,975,1033,1053,1088,1122,1163,1206,1256,1257,1297,1324,1352,1358,1372,1424,1505,1516,1633,1636,1828,1894,1900,1909,1949,2048,2137,2178,2198,2243,2367,2414,2431,2489,2549,2570,2600,2641,2673,2716,2782,2844,3018,3167,3374,3399,3425,3453,3479,3532,3595,3615,3633,3681,3701,3715,3792,3819,3833,3883,3994,4249,4254,4279,4330,4380,4507,4540,4596,4700,4730,4764,4780,4783,4943 124,143,267,350,371,436,477,499,583,647,1016,1094,1128,1355,1512,1689,1779,1782,1843,2055,2117,2354,2369,2450,2510,2563,2618,2718,2727,2917,2972,3000,3028,3063,3088,3096,3261,3345,3420,3451,3492,3525,3551,3594,3627,3665,3998,4074,4085,4135,4248,4285,4323,4463,4477,4528,4882
54 93,110,580,925 7,9,29,67,71,87,125,129,164,183,241,252,256,258,281,291,306,319,352,429,435,446,447,483,507,508,526,540,564,570,585,621,740,752,764,768,790,799,802,825,831,881,886,899,909,910,911,925,945,966,991,996,1018,1019,1034,1075,1126,1138,1144,1191,1202,1236,1245,1246,1305,1411,1418,1423,1458,1463,1486,1501,1534,1537,1557,1564,1565,1570,1591,1603,1605,1606,1612,1616,1630,1697,1701,1722,1741,1770,1789,1793,1813,1844,1864,1866,1898,1929,1946,1958,1964,1988,2032,2086,2113,2114,2167,2172,2190,2217,2219,2229,2268,2276,2284,2302,2317,2319,2329,2435,2441,2442,2462,2512,2551,2552,2566,2575,2578,2594,2649,2702,2745,2752,2759,2789,2798,2803,2910,2928,2932,2941,2957,2964,2968,2975,2985,3007,3008,3043,3047,3054,3089,3094,3104,3133,3150,3171,3190,3198,3214,3222,3225,3239,3269,3277,3309,3315,3325,3329,3371,3390,3424,3499,3533,3550,3555,3567,3580,3582,3590,3626,3642,3645,3674,3679,3721,3726,3759,3764,3780,3794,3796,3930,3956,3962,3978,3995,4017,4034,4044,4057,4119,4122,4130,4155,4187,4197,4240,4257,4300,4327,4335,4355,4360,4384,4386,4391,4410,4415,4424,4426,4476,4493,4517,4543,4552,4571,4572,4574,4587,4598,4622,4627,4654,4659,4673,4698,4706,4714,4779,4811,4844,4855,4891,4902,4931,4964 2,72,79,92,122,171,248,275,280,311,342,355,383,406,511,562,593,606,616,641,648,683,735,795,796,975,1033,1053,1088,1122,1163,1206,1256,1257,1297,1324,1352,1358,1372,1424,1505,1516,1633,1636,1828,1894,1900,1909,1949,2048,2137,2178,2198,2243,2367,2414,2431,2489,2549,2570,2600,2641,2673,2716,2782,2844,3018,3167,3374,3399,3425,3453,3479,3532,3595,3615,3633,3681,3701,3715,3792,3819,3833,3883,3994,4249,4254,4279,4330,4380,4507,4540,4596,4700,4730,4764,4780,4783,4943 124,143,267,350,371,436,477,499,583,647,1016,1094,1128,1355,1512,1689,1779,1782,1843,2055,2117,2354,2369,2450,2510,2563,2618,2718,2727,2917,2972,3000,3028,3063,3088,3096,3261,3345,3420,3451,3492,3525,3551,3594,3627,3665,3998,4074,4085,4135,4248,4285,4323,4463,4477,4528,4882
55 402.9,0.0,772.0,545.7 30,69,296,324,581,623,685,691,736,801,953,1125,1232,1318,1392,1520,1581,1619,1643,1688,1707,1754,2017,2194,2204,2221,2279,2293,2423,2588,2916,2918,2939,2956,3041,3268,3303,3313,3317,3349,3458,3534,3599,3620,3784,3797,3907,3985,4028,4035,4083,4093,4118,4157,4236,4255,4260,4290,4486,4644,4682,4900,4960,4969,4984 9,92,185,232,322,511,606,660,690,795,871,1004,1144,1206,1256,1424,1516,1537,1687,1813,1932,2224,2287,2354,2549,2739,2847,3133,3151,3998,4052,4249,4327,4367,4493,4634,4700,4764 72,258,275,355,383,503,814,1324,1352,1372,1949,2048,2090,2137,2198,2301,2431,2541,2682,2802,2844,3088,3176,3453,3633,3681,3701,3819,4254,4424,4596,4680,4772
56 0,0,767,1023 69,296,324,581,623,1125,1232,1318,1392,1688,2293,2918,2939,2956,3303,3458,3907,3985,4093,4118,4290,4486,4960 9,30,92,185,232,511,685,690,691,736,801,814,871,953,1004,1206,1424,1516,1520,1537,1581,1619,1643,1687,1707,1754,1813,1932,2017,2194,2204,2221,2224,2279,2287,2301,2354,2423,2549,2588,2739,2847,2916,3041,3133,3268,3313,3317,3349,3534,3599,3620,3784,3797,3998,4028,4035,4052,4083,4157,4236,4255,4260,4327,4367,4634,4644,4682,4700,4764,4772,4900,4969,4984 72,275,322,383,606,660,795,1144,1256,1949,2090,2137,2431,2802,2844,3151,3453,3681,3701,3819,4249,4254,4424,4493,4680
57 170.7,105.2,333.4,289.7 69,185,296,581,736,1125,1232,1318,1392,2293,2918,2939,2956,3303,3907,3985,4028,4052,4093,4118,4290,4486,4900,4960 9,30,72,92,322,324,383,511,606,623,660,685,690,691,795,801,871,953,1004,1144,1206,1256,1424,1516,1520,1537,1581,1619,1643,1687,1688,1707,1754,1813,1932,1949,2017,2090,2194,2204,2221,2224,2279,2287,2354,2423,2431,2549,2588,2739,2802,2847,2916,3041,3133,3151,3268,3313,3317,3349,3453,3458,3534,3599,3620,3701,3784,3797,3998,4035,4083,4157,4236,4249,4255,4260,4327,4367,4493,4634,4644,4682,4700,4764,4969,4984 232,258,275,355,503,814,1324,1352,1372,2048,2137,2198,2301,2541,2682,2844,3088,3176,3633,3681,3819,4254,4424,4596,4680,4772
58 0.0,0.0,767.0,218.4 259,4725 558,969,1258,1517,2062,2103,2200,2215,2275,2342,2459,2651,2998,3112,3333,3431,3918,4170 2069
59 398.9,220.3,625.1,456.4 969,2200,2651,3112,3431 2062,2103,2275,2342,2459,2998,3333,3918,4170,4725 259,558,1258,1517,2069,2215
60 428.7,138.9,560.0,267.9 969,2200,2275,2651,2998,3431,3918,4170 259,558,1258,1517,2062,2103,2215,2342,2459,3112,3333,4725 2069
61 285.8,15.9,422.7,172.7 60,506,549,629,631,646,830,941,999,1264,1331,1335,1359,1502,1522,1540,1670,1808,1891,1893,2058,2213,2341,2363,2368,2391,2517,2637,2735,2740,2820,2868,3080,3218,3237,3240,3251,3258,3304,3332,3506,3519,3546,3557,3587,3684,3790,3801,4218,4299,4531,4594,4812,4853 58,75,102,132,152,235,242,275,413,437,455,458,491,602,655,722,728,875,1005,1119,1169,1240,1442,1487,1489,1689,1776,1869,1959,2068,2092,2094,2099,2111,2137,2155,2274,2411,2567,2667,2707,2744,3021,3062,3118,3158,3192,3339,3468,3495,3532,3640,3716,3736,3785,3819,3822,3896,3942,4098,4113,4153,4182,4402,4586,4595,4646,4704,4735,4800,4803,4852,4948 50,2021,3081,3144,3243,3681,4350,4721
62 14.9,0.0,742.7,809.7 132,437,506,646,999,1119,1240,1331,1502,1776,1959,2274,2363,3080,3240,3519,3736,3942,4595,4803,4852 58,60,75,152,242,413,455,458,491,549,602,629,631,722,728,830,875,941,1169,1264,1335,1359,1442,1487,1489,1522,1540,1670,1689,1808,1869,1891,1893,2058,2068,2092,2094,2099,2111,2155,2213,2341,2368,2391,2411,2517,2567,2637,2667,2707,2735,2740,2744,2820,2868,3021,3062,3118,3158,3192,3218,3237,3251,3258,3304,3332,3339,3468,3495,3506,3546,3557,3587,3640,3684,3716,3785,3790,3801,3819,3822,3896,4098,4113,4153,4182,4218,4299,4402,4531,4586,4594,4646,4704,4735,4800,4812,4853,4948 50,102,235,275,655,1005,2021,2054,2137,3081,3144,3243,3532,3681,4350,4721
63 93.8,198.0,320.0,439.1 437,646,999,2274,3240,4853 50,58,60,75,102,132,152,235,242,275,413,455,458,506,549,629,631,655,722,728,830,875,941,1005,1119,1169,1240,1264,1331,1335,1359,1442,1487,1489,1502,1522,1540,1670,1689,1808,1869,1891,1893,1959,2058,2068,2092,2094,2099,2111,2137,2155,2213,2341,2363,2368,2391,2411,2517,2567,2637,2667,2707,2735,2740,2744,2820,2868,3021,3062,3080,3118,3192,3218,3237,3251,3258,3304,3332,3339,3468,3495,3506,3519,3532,3546,3557,3587,3640,3684,3716,3736,3785,3790,3801,3819,3822,3896,3942,4098,4113,4153,4182,4218,4299,4402,4531,4586,4594,4595,4646,4704,4735,4803,4812,4852,4948 491,602,1776,2021,3081,3144,3158,3243,3681,4800
64 273.9,246.1,474.3,476.3 1654,1767,4883 88,117,163,265,519,763,784,972,1009,1242,1269,1375,1733,1849,2237,2397,2722,2814,3005,3078,3166,3281,3653,3708,3779,4560,4577,4599,4739,4966 114,322,344,438,494,980,1363,1571,1779,1896,1940,2181,2725,2753,2886,3000,3508,3899,4012,4061,4479,4648,4831
65 280.6,525.5,508.3,796.8 1654,1767,4883 88,117,163,265,519,763,784,972,1009,1242,1269,1375,1733,1849,2237,2397,2722,2814,3005,3078,3166,3281,3653,3708,3779,4560,4577,4599,4739,4966 114,322,344,438,494,980,1363,1571,1779,1896,1940,2181,2725,2753,2886,3000,3508,3899,4012,4061,4479,4648,4831
66 73.4,0.0,918.8,714.4  88,117,265,519,763,784,972,1009,1242,1269,1375,1654,1733,1767,1849,2237,2397,2814,3005,3078,3166,3281,3653,3708,3779,4560,4577,4599,4739,4883,4966 114,163,322,344,438,494,1363,1571,1779,1896,1940,2181,2722,2725,2753,2886,3000,3508,3899,4012,4061,4479,4648,4831
67 65.0,58.8,622.1,892.8 7,9,29,67,71,87,125,129,164,183,241,252,256,281,291,306,319,352,429,435,446,447,483,507,508,526,540,564,570,585,621,752,764,768,790,799,802,825,831,881,886,899,909,911,925,945,966,991,996,1018,1019,1034,1075,1126,1138,1144,1191,1202,1236,1245,1246,1305,1411,1418,1423,1458,1463,1486,1501,1534,1537,1557,1564,1565,1570,1591,1603,1605,1606,1612,1616,1630,1697,1701,1722,1741,1770,1789,1793,1844,1864,1898,1929,1946,1958,1964,1988,2032,2086,2113,2114,2167,2172,2190,2217,2219,2229,2268,2276,2284,2302,2317,2319,2329,2435,2441,2442,2462,2512,2551,2552,2566,2575,2578,2594,2649,2702,2745,2752,2759,2789,2798,2803,2910,2928,2932,2941,2957,2964,2968,2975,2985,3007,3008,3043,3047,3054,3089,3094,3104,3133,3150,3171,3190,3198,3214,3222,3225,3239,3269,3277,3309,3315,3329,3371,3390,3424,3499,3533,3550,3555,3567,3580,3582,3590,3626,3645,3674,3679,3721,3726,3759,3764,3780,3794,3796,3930,3956,3962,3978,3995,4017,4034,4044,4057,4119,4122,4130,4155,4187,4197,4240,4257,4300,4327,4335,4355,4360,4384,4386,4391,4410,4415,4424,4426,4476,4493,4517,4543,4571,4572,4574,4587,4598,4622,4627,4654,4659,4698,4706,4714,4779,4811,4844,4855,4891,4902,4931,4964 2,72,79,122,171,248,258,280,311,342,355,383,406,511,562,593,606,616,648,683,735,740,795,796,910,975,1033,1053,1088,1122,1163,1206,1256,1257,1297,1324,1352,1358,1372,1505,1516,1633,1636,1813,1828,1866,1894,1900,1949,2048,2137,2198,2243,2414,2431,2489,2570,2600,2641,2673,2716,2782,2844,3018,3325,3374,3425,3453,3479,3532,3595,3615,3633,3642,3701,3715,3792,3819,3883,3994,4249,4254,4279,4330,4380,4507,4540,4552,4596,4673,4764,4783,4943 92,275,350,499,641,1355,1424,1689,1782,1909,2178,2354,2367,2549,2972,3420,3681,3833,3998,4135,4248,4323,4700,4730,4780
68 0,0,1023,771 7,29,67,71,87,125,129,164,171,183,241,248,256,281,291,306,319,352,429,446,447,483,507,508,526,540,562,564,570,585,621,740,752,764,790,799,802,825,831,881,886,899,909,911,925,945,966,991,996,1018,1019,1033,1034,1053,1075,1088,1126,1138,1144,1191,1202,1236,1245,1246,1305,1411,1418,1458,1463,1486,1501,1534,1537,1557,1564,1565,1570,1591,1603,1605,1606,1612,1616,1630,1697,1701,1722,1741,1770,1789,1793,1844,1864,1866,1898,1929,1946,1958,1964,1988,2032,2086,2113,2114,2167,2172,2190,2217,2219,2229,2268,2276,2284,2302,2317,2319,2329,2435,2441,2442,2462,2512,2551,2552,2566,2575,2578,2594,2649,2702,2745,2752,2759,2789,2798,2803,2910,2928,2932,2941,2957,2964,2968,2975,2985,3007,3008,3018,3043,3047,3054,3089,3094,3104,3133,3150,3171,3190,3198,3214,3222,3225,3239,3269,3277,3309,3315,3325,3329,3371,3390,3424,3499,3533,3550,3555,3567,3580,3582,3590,3626,3645,3674,3679,3721,3726,3759,3764,3780,3794,3796,3930,3956,3962,3978,3995,4017,4034,4044,4057,4119,4122,4130,4155,4187,4197,4240,4257,4300,4335,4355,4360,4380,4384,4386,4391,4410,4415,4426,4476,4493,4517,4543,4571,4572,4574,4587,4598,4622,4627,4654,4659,4673,4698,4706,4714,4779,4811,4844,4855,4902,4931,4964 2,9,72,92,122,258,280,342,406,435,616,648,735,796,910,975,1122,1163,1206,1257,1358,1423,1424,1505,1516,1633,1636,1813,1828,1894,1900,1909,2137,2178,2243,2367,2414,2549,2570,2673,2716,2782,3374,3453,3615,3633,3642,3715,3819,3833,3883,4249,4254,4279,4327,4424,4540,4552,4596,4700,4730,4764,4780,4783,4943 252,275,311,350,383,499,511,606,641,768,795,1256,1297,1352,1355,1372,1689,1782,1949,2354,2431,2489,2600,2844,2972,3088,3420,3425,3451,3532,3681,3701,3998,4135,4248,4323,4330,4891
69 0,0,685,1023 683,2641,2910,3425,3595,4130,4155,4330,4552,4891 7,9,29,67,71,72,79,87,122,125,129,164,183,241,252,256,258,281,291,306,311,319,342,352,355,383,406,429,435,446,483,507,508,511,526,540,564,570,585,593,606,621,648,740,752,764,768,790,795,796,799,825,831,881,886,899,909,910,911,925,945,966,975,991,996,1018,1019,1034,1088,1122,1126,1138,1144,1191,1202,1206,1236,1245,1246,1256,1297,1305,1324,1352,1358,1372,1411,1418,1423,1458,1463,1486,1501,1516,1534,1537,1557,1564,1565,1570,1591,1603,1605,1606,1612,1616,1630,1636,1697,1701,1741,1770,1789,1793,1813,1844,1864,1866,1894,1898,1900,1929,1946,1949,1958,1964,1988,2032,2048,2086,2113,2114,2167,2172,2190,2198,2217,2219,2229,2268,2276,2284,2302,2317,2319,2329,2414,2431,2435,2442,2462,2512,2551,2552,2570,2575,2578,2594,2600,2649,2673,2702,2745,2752,2759,2789,2798,2803,2844,2928,2932,2941,2957,2964,2968,2975,2985,3007,3008,3043,3054,3089,3094,3104,3150,3171,3190,3198,3214,3222,3225,3239,3269,3277,3309,3315,3325,3329,3371,3390,3424,3453,3479,3499,3533,3550,3555,3567,3580,3582,3590,3626,3633,3642,3645,3674,3679,3701,3721,3726,3759,3764,3780,3792,3794,3796,3819,3930,3956,3962,3978,3994,3995,4017,4034,4044,4057,4119,4122,4187,4197,4240,4249,4254,4257,4279,4300,4327,4335,4355,4360,4384,4386,4391,4410,4415,4424,4426,4476,4493,4507,4517,4543,4571,4572,4574,4587,4596,4598,4622,4627,4654,4659,4698,4706,4714,4764,4779,4811,4844,4855,4902,4931,4964 171,248,275,350,447,499,802,1033,1075,1505,1633,1689,1722,1909,2137,2441,2489,2566,2716,3018,3047,3133,3420,3532,3615,3681,3883,4135,4540,4783,4943
