0 1
1 12
2 14
3 12
4 12
5 7
6 12
7 14
8 12
9 0
10 12
11 12
12 10
13 11
14 12
15 13
16 4
17 4
18 15
19 8
20 15
21 12
22 12
23 14
24 9
25 4
26 10
27 4
28 10
29 14
30 0
31 4
32 3
33 9
34 12
35 12
36 10
37 9
38 12
39 3
40 12
41 4
42 9
43 12
44 0
45 15
46 1
47 9
48 4
49 4
50 12
51 9
52 12
53 4
54 12
55 12
56 15
57 12
58 5
59 9
60 12
61 9
62 16
63 12
64 12
65 7
66 10
67 14
68 12
69 0
70 15
71 14
72 14
73 4
74 12
75 12
76 10
77 9
78 10
79 0
80 12
81 15
82 12
83 16
84 7
85 7
86 12
87 14
88 6
89 14
90 14
91 4
92 12
93 9
94 9
95 9
96 9
97 9
98 6
99 9
100 15
101 12
102 12
103 3
104 10
105 12
106 1
107 10
108 12
109 12
110 4
111 12
112 7
113 12
114 6
115 4
116 12
117 12
118 5
119 10
120 12
121 12
122 12
123 12
124 3
125 14
126 13
127 15
128 12
129 14
130 12
131 9
132 12
133 12
134 9
135 10
136 12
137 11
138 2
139 12
140 12
141 9
142 10
143 12
144 7
145 5
146 12
147 1
148 12
149 14
150 2
151 13
152 5
153 12
154 3
155 9
156 15
157 10
158 4
159 9
160 12
161 11
162 11
163 12
164 14
165 12
166 1
167 8
168 8
169 8
170 10
171 12
172 9
173 9
174 12
175 4
176 0
177 9
178 10
179 2
180 12
181 12
182 9
183 14
184 12
185 0
186 10
187 4
188 12
189 7
190 4
191 4
192 7
193 9
194 12
195 4
196 9
197 12
198 12
199 12
200 12
201 12
202 4
203 12
204 12
205 4
206 3
207 8
208 9
209 9
210 12
211 1
212 9
213 13
214 9
215 9
216 12
217 9
218 10
219 10
220 12
221 15
222 10
223 10
224 10
225 4
226 9
227 3
228 12
229 11
230 9
231 7
232 0
233 3
234 4
235 4
236 11
237 16
238 10
239 12
240 8
241 12
242 12
243 9
244 9
245 15
246 9
247 2
248 14
249 12
250 10
251 3
252 14
253 12
254 12
255 10
256 14
257 4
258 14
259 1
260 12
261 12
262 4
263 4
264 15
265 12
266 4
267 12
268 8
269 7
270 11
271 2
272 12
273 9
274 9
275 12
276 4
277 12
278 3
279 9
280 14
281 12
282 12
283 1
284 10
285 9
286 1
287 10
288 12
289 12
290 4
291 14
292 1
293 12
294 16
295 12
296 0
297 4
298 8
299 1
300 10
301 9
302 1
303 10
304 12
305 4
306 12
307 12
308 12
309 4
310 4
311 3
312 15
313 12
314 3
315 9
316 4
317 4
318 12
319 8
320 13
321 4
322 12
323 4
324 12
325 12
326 14
327 12
328 15
329 10
330 12
331 16
332 12
333 12
334 15
335 1
336 11
337 7
338 9
339 0
340 13
341 10
342 14
343 7
344 12
345 12
346 12
347 12
348 12
349 1
350 14
351 8
352 14
353 10
354 9
355 0
356 8
357 15
358 12
359 12
360 2
361 12
362 12
363 7
364 12
365 9
366 9
367 16
368 1
369 9
370 9
371 3
372 12
373 12
374 12
375 4
376 1
377 12
378 10
379 10
380 15
381 0
382 9
383 12
384 12
385 3
386 12
387 12
388 12
389 12
390 4
391 8
392 4
393 12
394 4
395 12
396 12
397 12
398 10
399 9
400 4
401 12
402 10
403 0
404 9
405 12
406 9
407 12
408 12
409 6
410 10
411 10
412 2
413 12
414 9
415 12
416 3
417 8
418 9
419 11
420 12
421 9
422 12
423 1
424 15
425 12
426 2
427 3
428 4
429 14
430 12
431 12
432 12
433 1
434 7
435 3
436 0
437 4
438 12
439 15
440 12
441 9
442 3
443 15
444 4
445 12
446 14
447 12
448 12
449 1
450 7
451 12
452 3
453 12
454 12
455 12
456 12
457 10
458 5
459 15
460 12
461 0
462 12
463 9
464 4
465 12
466 2
467 10
468 10
469 9
470 12
471 9
472 4
473 12
474 12
475 12
476 9
477 3
478 10
479 8
480 12
481 12
482 12
483 14
484 9
485 16
486 7
487 12
488 15
489 12
490 10
491 4
492 10
493 1
494 12
495 0
496 3
497 10
498 9
499 12
500 13
501 2
502 3
503 0
504 3
505 1
506 4
507 14
508 14
509 8
510 1
511 0
512 13
513 10
514 4
515 12
516 3
517 4
518 12
519 6
520 9
521 1
522 4
523 12
524 15
525 11
526 12
527 4
528 10
529 2
530 10
531 9
532 12
533 12
534 12
535 12
536 2
537 9
538 10
539 14
540 14
541 2
542 9
543 12
544 9
545 12
546 9
547 4
548 12
549 4
550 8
551 12
552 4
553 9
554 12
555 1
556 12
557 7
558 1
559 12
560 7
561 12
562 14
563 13
564 14
565 12
566 4
567 9
568 12
569 3
570 14
571 9
572 9
573 12
574 12
575 12
576 3
577 12
578 12
579 4
580 12
581 0
582 15
583 12
584 15
585 12
586 9
587 9
588 12
589 7
590 12
591 4
592 0
593 12
594 10
595 12
596 12
597 10
598 2
599 9
600 7
601 9
602 4
603 9
604 11
605 12
606 12
607 2
608 2
609 10
610 12
611 9
612 9
613 9
614 12
615 10
616 0
617 12
618 12
619 12
620 5
621 14
622 3
623 0
624 9
625 9
626 8
627 10
628 4
629 4
630 10
631 4
632 12
633 9
634 9
635 9
636 15
637 4
638 13
639 2
640 12
641 14
642 12
643 12
644 12
645 12
646 4
647 12
648 14
649 7
650 12
651 12
652 9
653 12
654 10
655 4
656 12
657 4
658 9
659 13
660 12
661 9
662 15
663 12
664 4
665 12
666 12
667 7
668 12
669 12
670 12
671 12
672 9
673 4
674 12
675 10
676 15
677 1
678 12
679 8
680 1
681 9
682 1
683 14
684 12
685 12
686 12
687 12
688 13
689 4
690 12
691 0
692 13
693 12
694 4
695 12
696 5
697 13
698 4
699 10
700 9
701 8
702 2
703 9
704 7
705 9
706 12
707 10
708 3
709 4
710 10
711 12
712 12
713 7
714 9
715 12
716 4
717 7
718 9
719 12
720 3
721 13
722 12
723 12
724 12
725 9
726 10
727 9
728 5
729 12
730 11
731 4
732 10
733 12
734 4
735 12
736 0
737 12
738 4
739 12
740 14
741 9
742 4
743 3
744 9
745 13
746 3
747 9
748 10
749 9
750 12
751 12
752 8
753 12
754 9
755 7
756 4
757 15
758 12
759 1
760 12
761 7
762 12
763 6
764 14
765 12
766 4
767 15
768 14
769 9
770 6
771 10
772 9
773 8
774 13
775 15
776 4
777 12
778 12
779 8
780 10
781 3
782 12
783 7
784 6
785 12
786 15
787 12
788 9
789 12
790 3
791 8
792 8
793 12
794 16
795 12
796 14
797 12
798 12
799 12
800 12
801 12
802 14
803 12
804 3
805 12
806 11
807 12
808 7
809 9
810 12
811 11
812 4
813 4
814 12
815 4
816 12
817 15
818 12
819 15
820 4
821 10
822 12
823 9
824 12
825 3
826 10
827 12
828 12
829 9
830 4
831 14
832 12
833 2
834 10
835 15
836 4
837 10
838 12
839 7
840 10
841 4
842 9
843 10
844 1
845 2
846 10
847 15
848 15
849 9
850 10
851 15
852 12
853 13
854 3
855 8
856 16
857 2
858 12
859 1
860 7
861 12
862 12
863 10
864 3
865 9
866 9
867 12
868 4
869 15
870 3
871 12
872 12
873 1
874 12
875 4
876 12
877 16
878 12
879 9
880 10
881 12
882 4
883 12
884 9
885 5
886 14
887 9
888 1
889 9
890 13
891 4
892 2
893 12
894 2
895 3
896 9
897 12
898 10
899 14
900 9
901 12
902 15
903 12
904 2
905 3
906 9
907 5
908 11
909 12
910 14
911 6
912 3
913 7
914 12
915 10
916 10
917 16
918 14
919 13
920 12
921 7
922 12
923 2
924 16
925 14
926 11
927 4
928 2
929 9
930 15
931 10
932 12
933 12
934 10
935 9
936 11
937 12
938 12
939 9
940 8
941 4
942 9
943 12
944 4
945 14
946 12
947 6
948 4
949 4
950 12
951 4
952 9
953 6
954 3
955 15
956 7
957 9
958 7
959 12
960 9
961 11
962 15
963 12
964 4
965 12
966 14
967 9
968 12
969 1
970 9
971 4
972 6
973 9
974 9
975 14
976 11
977 7
978 12
979 1
980 12
981 9
982 12
983 12
984 2
985 2
986 13
987 10
988 15
989 12
990 12
991 14
992 4
993 4
994 12
995 9
996 14
997 4
998 9
999 4
1000 7
1001 10
1002 12
1003 6
1004 0
1005 4
1006 4
1007 12
1008 12
1009 6
1010 9
1011 10
1012 12
1013 12
1014 12
1015 10
1016 12
1017 1
1018 14
1019 14
1020 10
1021 2
1022 5
1023 15
1024 8
1025 9
1026 10
1027 9
1028 12
1029 4
1030 12
1031 12
1032 2
1033 12
1034 14
1035 12
1036 12
1037 12
1038 4
1039 12
1040 9
1041 1
1042 1
1043 4
1044 15
1045 7
1046 1
1047 7
1048 15
1049 8
1050 12
1051 9
1052 9
1053 14
1054 12
1055 4
1056 9
1057 12
1058 9
1059 12
1060 16
1061 4
1062 10
1063 3
1064 10
1065 7
1066 12
1067 9
1068 15
1069 12
1070 10
1071 15
1072 12
1073 4
1074 12
1075 14
1076 16
1077 9
1078 12
1079 16
1080 9
1081 15
1082 15
1083 14
1084 12
1085 10
1086 4
1087 12
1088 12
1089 12
1090 8
1091 12
1092 12
1093 10
1094 12
1095 4
1096 10
1097 4
1098 9
1099 12
1100 1
1101 1
1102 10
1103 12
1104 6
1105 12
1106 12
1107 7
1108 4
1109 15
1110 6
1111 13
1112 9
1113 9
1114 10
1115 8
1116 4
1117 13
1118 12
1119 12
1120 12
1121 4
1122 0
1123 9
1124 9
1125 0
1126 12
1127 9
1128 14
1129 16
1130 4
1131 2
1132 12
1133 12
1134 12
1135 8
1136 10
1137 12
1138 12
1139 15
1140 9
1141 14
1142 12
1143 10
1144 14
1145 9
1146 0
1147 10
1148 4
1149 0
1150 9
1151 4
1152 9
1153 13
1154 10
1155 14
1156 3
1157 9
1158 10
1159 12
1160 4
1161 12
1162 10
1163 14
1164 4
1165 12
1166 10
1167 12
1168 7
1169 12
1170 9
1171 12
1172 1
1173 9
1174 13
1175 12
1176 5
1177 7
1178 10
1179 1
1180 12
1181 10
1182 8
1183 15
1184 3
1185 12
1186 12
1187 16
1188 16
1189 2
1190 4
1191 14
1192 9
1193 12
1194 5
1195 9
1196 9
1197 13
1198 16
1199 12
1200 14
1201 10
1202 14
1203 10
1204 9
1205 9
1206 14
1207 11
1208 9
1209 9
1210 12
1211 7
1212 12
1213 12
1214 9
1215 8
1216 12
1217 4
1218 16
1219 9
1220 9
1221 12
1222 9
1223 3
1224 10
1225 10
1226 2
1227 3
1228 10
1229 9
1230 4
1231 12
1232 0
1233 12
1234 10
1235 13
1236 14
1237 2
1238 15
1239 10
1240 4
1241 4
1242 12
1243 1
1244 9
1245 14
1246 14
1247 9
1248 12
1249 12
1250 9
1251 4
1252 1
1253 10
1254 9
1255 3
1256 12
1257 14
1258 1
1259 10
1260 15
1261 3
1262 15
1263 12
1264 4
1265 12
1266 5
1267 12
1268 9
1269 0
1270 9
1271 12
1272 7
1273 4
1274 1
1275 9
1276 9
1277 12
1278 4
1279 2
1280 4
1281 16
1282 12
1283 9
1284 12
1285 4
1286 3
1287 11
1288 14
1289 12
1290 12
1291 12
1292 3
1293 12
1294 9
1295 12
1296 9
1297 14
1298 10
1299 6
1300 1
1301 12
1302 4
1303 12
1304 9
1305 14
1306 11
1307 4
1308 15
1309 2
1310 12
1311 9
1312 16
1313 4
1314 4
1315 13
1316 12
1317 12
1318 12
1319 6
1320 4
1321 11
1322 3
1323 10
1324 0
1325 9
1326 9
1327 9
1328 2
1329 7
1330 12
1331 4
1332 12
1333 12
1334 12
1335 4
1336 10
1337 1
1338 4
1339 4
1340 12
1341 8
1342 12
1343 2
1344 1
1345 9
1346 12
1347 12
1348 12
1349 13
1350 10
1351 12
1352 14
1353 9
1354 10
1355 4
1356 12
1357 9
1358 14
1359 4
1360 4
1361 10
1362 9
1363 6
1364 3
1365 12
1366 10
1367 4
1368 9
1369 3
1370 10
1371 12
1372 12
1373 12
1374 12
1375 6
1376 12
1377 10
1378 1
1379 9
1380 15
1381 1
1382 12
1383 9
1384 8
1385 8
1386 9
1387 12
1388 4
1389 12
1390 3
1391 4
1392 0
1393 9
1394 10
1395 10
1396 9
1397 12
1398 2
1399 7
1400 12
1401 4
1402 15
1403 2
1404 10
1405 12
1406 4
1407 3
1408 4
1409 4
1410 12
1411 14
1412 12
1413 12
1414 4
1415 10
1416 12
1417 12
1418 14
1419 8
1420 9
1421 12
1422 12
1423 14
1424 0
1425 12
1426 4
1427 9
1428 4
1429 3
1430 12
1431 9
1432 11
1433 9
1434 12
1435 4
1436 4
1437 13
1438 4
1439 9
1440 4
1441 9
1442 12
1443 9
1444 5
1445 15
1446 12
1447 11
1448 12
1449 9
1450 10
1451 12
1452 11
1453 9
1454 9
1455 10
1456 12
1457 12
1458 14
1459 9
1460 9
1461 13
1462 8
1463 14
1464 10
1465 12
1466 11
1467 2
1468 9
1469 10
1470 9
1471 4
1472 6
1473 6
1474 1
1475 4
1476 12
1477 9
1478 12
1479 8
1480 13
1481 10
1482 9
1483 9
1484 9
1485 4
1486 14
1487 4
1488 12
1489 12
1490 3
1491 12
1492 2
1493 12
1494 15
1495 4
1496 15
1497 7
1498 12
1499 12
1500 3
1501 12
1502 12
1503 12
1504 9
1505 14
1506 3
1507 1
1508 12
1509 6
1510 12
1511 13
1512 12
1513 12
1514 10
1515 8
1516 12
1517 12
1518 10
1519 1
1520 0
1521 12
1522 4
1523 3
1524 9
1525 12
1526 4
1527 4
1528 12
1529 12
1530 12
1531 1
1532 13
1533 9
1534 14
1535 10
1536 1
1537 0
1538 10
1539 16
1540 4
1541 9
1542 10
1543 12
1544 13
1545 12
1546 6
1547 9
1548 9
1549 4
1550 13
1551 3
1552 3
1553 12
1554 12
1555 9
1556 1
1557 14
1558 15
1559 1
1560 9
1561 12
1562 3
1563 10
1564 14
1565 14
1566 3
1567 9
1568 12
1569 10
1570 14
1571 10
1572 12
1573 9
1574 2
1575 15
1576 7
1577 12
1578 9
1579 12
1580 1
1581 0
1582 11
1583 9
1584 9
1585 11
1586 16
1587 12
1588 10
1589 9
1590 7
1591 14
1592 9
1593 10
1594 5
1595 12
1596 15
1597 2
1598 4
1599 12
1600 10
1601 1
1602 1
1603 14
1604 12
1605 12
1606 12
1607 7
1608 10
1609 12
1610 12
1611 12
1612 14
1613 12
1614 9
1615 7
1616 14
1617 16
1618 7
1619 12
1620 12
1621 12
1622 7
1623 12
1624 9
1625 12
1626 2
1627 12
1628 7
1629 2
1630 14
1631 10
1632 2
1633 14
1634 4
1635 1
1636 6
1637 4
1638 7
1639 12
1640 12
1641 4
1642 12
1643 0
1644 12
1645 8
1646 11
1647 4
1648 12
1649 10
1650 8
1651 12
1652 12
1653 12
1654 2
1655 6
1656 7
1657 10
1658 9
1659 4
1660 10
1661 4
1662 15
1663 11
1664 10
1665 10
1666 9
1667 9
1668 10
1669 4
1670 12
1671 9
1672 9
1673 7
1674 9
1675 11
1676 9
1677 3
1678 9
1679 12
1680 12
1681 12
1682 1
1683 16
1684 12
1685 9
1686 11
1687 12
1688 0
1689 4
1690 12
1691 10
1692 12
1693 9
1694 13
1695 12
1696 3
1697 14
1698 10
1699 1
1700 3
1701 14
1702 12
1703 4
1704 10
1705 12
1706 12
1707 0
1708 12
1709 12
1710 9
1711 12
1712 1
1713 12
1714 10
1715 3
1716 12
1717 9
1718 3
1719 10
1720 1
1721 12
1722 14
1723 2
1724 12
1725 1
1726 15
1727 4
1728 12
1729 12
1730 10
1731 4
1732 12
1733 6
1734 12
1735 12
1736 9
1737 9
1738 9
1739 3
1740 4
1741 14
1742 10
1743 12
1744 9
1745 9
1746 15
1747 3
1748 2
1749 0
1750 3
1751 15
1752 12
1753 12
1754 12
1755 12
1756 12
1757 15
1758 10
1759 10
1760 13
1761 12
1762 9
1763 12
1764 12
1765 12
1766 12
1767 0
1768 4
1769 10
1770 14
1771 12
1772 6
1773 12
1774 9
1775 12
1776 12
1777 4
1778 15
1779 6
1780 12
1781 12
1782 14
1783 12
1784 9
1785 9
1786 4
1787 2
1788 4
1789 14
1790 10
1791 1
1792 2
1793 14
1794 1
1795 12
1796 4
1797 4
1798 12
1799 12
1800 16
1801 12
1802 12
1803 4
1804 1
1805 10
1806 4
1807 15
1808 4
1809 10
1810 12
1811 0
1812 12
1813 0
1814 13
1815 13
1816 4
1817 3
1818 9
1819 4
1820 12
1821 12
1822 1
1823 9
1824 12
1825 3
1826 10
1827 3
1828 12
1829 4
1830 7
1831 7
1832 14
1833 9
1834 2
1835 9
1836 9
1837 3
1838 8
1839 10
1840 10
1841 12
1842 9
1843 12
1844 14
1845 12
1846 4
1847 9
1848 4
1849 6
1850 12
1851 9
1852 12
1853 12
1854 12
1855 7
1856 10
1857 3
1858 4
1859 12
1860 10
1861 12
1862 13
1863 12
1864 14
1865 9
1866 14
1867 9
1868 12
1869 12
1870 7
1871 12
1872 12
1873 8
1874 0
1875 12
1876 1
1877 13
1878 1
1879 12
1880 9
1881 3
1882 3
1883 4
1884 3
1885 5
1886 12
1887 0
1888 9
1889 12
1890 3
1891 4
1892 12
1893 4
1894 14
1895 9
1896 10
1897 10
1898 14
1899 4
1900 14
1901 12
1902 12
1903 10
1904 9
1905 12
1906 12
1907 9
1908 4
1909 12
1910 12
1911 15
1912 12
1913 7
1914 12
1915 4
1916 1
1917 8
1918 4
1919 9
1920 9
1921 15
1922 16
1923 2
1924 3
1925 10
1926 12
1927 9
1928 12
1929 14
1930 14
1931 12
1932 0
1933 15
1934 9
1935 10
1936 12
1937 12
1938 8
1939 6
1940 10
1941 10
1942 9
1943 12
1944 4
1945 12
1946 14
1947 10
1948 15
1949 3
1950 12
1951 9
1952 3
1953 11
1954 4
1955 4
1956 5
1957 12
1958 14
1959 12
1960 9
1961 9
1962 4
1963 12
1964 14
1965 2
1966 9
1967 16
1968 11
1969 16
1970 4
1971 10
1972 1
1973 15
1974 12
1975 9
1976 9
1977 12
1978 5
1979 12
1980 12
1981 15
1982 13
1983 4
1984 12
1985 4
1986 9
1987 10
1988 14
1989 7
1990 4
1991 12
1992 15
1993 1
1994 4
1995 12
1996 3
1997 11
1998 10
1999 1
2000 9
2001 12
2002 7
2003 4
2004 12
2005 8
2006 8
2007 10
2008 2
2009 7
2010 10
2011 9
2012 12
2013 4
2014 12
2015 10
2016 10
2017 0
2018 7
2019 12
2020 9
2021 4
2022 4
2023 3
2024 11
2025 9
2026 15
2027 12
2028 15
2029 1
2030 9
2031 4
2032 14
2033 4
2034 12
2035 12
2036 12
2037 1
2038 12
2039 12
2040 7
2041 10
2042 12
2043 12
2044 3
2045 3
2046 2
2047 11
2048 0
2049 3
2050 10
2051 12
2052 13
2053 4
2054 12
2055 12
2056 7
2057 10
2058 4
2059 15
2060 12
2061 12
2062 1
2063 3
2064 9
2065 15
2066 12
2067 2
2068 12
2069 1
2070 1
2071 12
2072 4
2073 3
2074 12
2075 0
2076 12
2077 12
2078 15
2079 4
2080 4
2081 5
2082 12
2083 12
2084 12
2085 10
2086 14
2087 11
2088 15
2089 12
2090 12
2091 12
2092 4
2093 12
2094 4
2095 12
2096 9
2097 10
2098 12
2099 4
2100 9
2101 4
2102 10
2103 1
2104 15
2105 12
2106 3
2107 6
2108 4
2109 12
2110 4
2111 12
2112 5
2113 0
2114 0
2115 3
2116 10
2117 1
2118 4
2119 12
2120 10
2121 4
2122 12
2123 12
2124 12
2125 2
2126 10
2127 15
2128 7
2129 3
2130 12
2131 12
2132 1
2133 10
2134 10
2135 9
2136 3
2137 0
2138 12
2139 12
2140 15
2141 7
2142 12
2143 9
2144 12
2145 15
2146 12
2147 12
2148 6
2149 13
2150 3
2151 4
2152 12
2153 1
2154 12
2155 5
2156 12
2157 12
2158 4
2159 16
2160 12
2161 12
2162 12
2163 10
2164 15
2165 9
2166 10
2167 14
2168 12
2169 12
2170 13
2171 12
2172 3
2173 12
2174 15
2175 9
2176 9
2177 12
2178 12
2179 10
2180 4
2181 12
2182 15
2183 9
2184 9
2185 2
2186 12
2187 3
2188 12
2189 0
2190 14
2191 12
2192 12
2193 12
2194 12
2195 9
2196 7
2197 12
2198 14
2199 12
2200 12
2201 4
2202 10
2203 16
2204 0
2205 12
2206 4
2207 10
2208 8
2209 15
2210 12
2211 12
2212 2
2213 4
2214 4
2215 1
2216 12
2217 14
2218 12
2219 14
2220 9
2221 0
2222 1
2223 9
2224 0
2225 15
2226 12
2227 9
2228 12
2229 12
2230 9
2231 13
2232 4
2233 12
2234 12
2235 12
2236 9
2237 10
2238 9
2239 4
2240 12
2241 9
2242 12
2243 14
2244 15
2245 9
2246 9
2247 8
2248 7
2249 7
2250 4
2251 12
2252 11
2253 3
2254 12
2255 12
2256 9
2257 4
2258 4
2259 12
2260 2
2261 12
2262 4
2263 9
2264 1
2265 12
2266 1
2267 12
2268 14
2269 9
2270 12
2271 12
2272 4
2273 12
2274 4
2275 12
2276 14
2277 15
2278 1
2279 0
2280 12
2281 9
2282 12
2283 13
2284 14
2285 9
2286 7
2287 0
2288 9
2289 12
2290 10
2291 15
2292 10
2293 12
2294 12
2295 10
2296 9
2297 10
2298 11
2299 10
2300 12
2301 0
2302 14
2303 9
2304 10
2305 9
2306 10
2307 12
2308 1
2309 12
2310 12
2311 16
2312 15
2313 9
2314 12
2315 12
2316 8
2317 3
2318 10
2319 3
2320 4
2321 5
2322 12
2323 10
2324 1
2325 11
2326 12
2327 9
2328 10
2329 12
2330 9
2331 12
2332 12
2333 12
2334 1
2335 12
2336 10
2337 4
2338 4
2339 9
2340 13
2341 4
2342 1
2343 4
2344 12
2345 12
2346 5
2347 3
2348 12
2349 12
2350 15
2351 12
2352 4
2353 10
2354 0
2355 12
2356 4
2357 8
2358 16
2359 7
2360 12
2361 12
2362 10
2363 4
2364 3
2365 10
2366 10
2367 14
2368 4
2369 12
2370 12
2371 12
2372 10
2373 12
2374 10
2375 4
2376 12
2377 7
2378 12
2379 4
2380 12
2381 10
2382 12
2383 10
2384 12
2385 9
2386 12
2387 12
2388 12
2389 12
2390 15
2391 4
2392 9
2393 9
2394 2
2395 12
2396 9
2397 6
2398 9
2399 3
2400 12
2401 9
2402 9
2403 12
2404 1
2405 12
2406 12
2407 10
2408 12
2409 4
2410 9
2411 12
2412 3
2413 4
2414 14
2415 9
2416 10
2417 16
2418 15
2419 9
2420 1
2421 7
2422 12
2423 0
2424 7
2425 4
2426 3
2427 7
2428 1
2429 12
2430 12
2431 12
2432 12
2433 8
2434 13
2435 12
2436 9
2437 13
2438 3
2439 12
2440 12
2441 12
2442 14
2443 12
2444 10
2445 10
2446 1
2447 15
2448 12
2449 12
2450 15
2451 10
2452 9
2453 12
2454 3
2455 9
2456 12
2457 12
2458 9
2459 1
2460 9
2461 9
2462 14
2463 12
2464 12
2465 10
2466 10
2467 9
2468 12
2469 9
2470 1
2471 12
2472 3
2473 9
2474 7
2475 2
2476 12
2477 12
2478 12
2479 7
2480 9
2481 12
2482 5
2483 10
2484 7
2485 12
2486 12
2487 4
2488 4
2489 2
2490 9
2491 10
2492 2
2493 10
2494 10
2495 12
2496 12
2497 7
2498 12
2499 2
2500 11
2501 12
2502 9
2503 15
2504 11
2505 13
2506 12
2507 12
2508 12
2509 10
2510 12
2511 2
2512 14
2513 10
2514 12
2515 9
2516 7
2517 4
2518 10
2519 12
2520 7
2521 10
2522 12
2523 12
2524 7
2525 9
2526 12
2527 15
2528 2
2529 4
2530 12
2531 2
2532 7
2533 12
2534 9
2535 9
2536 9
2537 1
2538 15
2539 11
2540 1
2541 0
2542 2
2543 8
2544 16
2545 4
2546 12
2547 12
2548 12
2549 0
2550 9
2551 14
2552 14
2553 12
2554 5
2555 10
2556 11
2557 9
2558 12
2559 12
2560 12
2561 1
2562 9
2563 12
2564 12
2565 7
2566 14
2567 12
2568 11
2569 12
2570 3
2571 12
2572 12
2573 12
2574 10
2575 14
2576 11
2577 12
2578 12
2579 12
2580 12
2581 9
2582 12
2583 10
2584 15
2585 12
2586 3
2587 10
2588 0
2589 12
2590 12
2591 12
2592 12
2593 9
2594 14
2595 16
2596 10
2597 4
2598 8
2599 12
2600 12
2601 12
2602 12
2603 10
2604 10
2605 15
2606 10
2607 2
2608 9
2609 10
2610 5
2611 10
2612 12
2613 8
2614 12
2615 12
2616 12
2617 8
2618 7
2619 10
2620 12
2621 12
2622 6
2623 4
2624 15
2625 10
2626 15
2627 12
2628 9
2629 2
2630 4
2631 4
2632 13
2633 3
2634 1
2635 12
2636 4
2637 4
2638 8
2639 9
2640 7
2641 12
2642 7
2643 12
2644 12
2645 2
2646 9
2647 12
2648 10
2649 14
2650 3
2651 1
2652 13
2653 0
2654 9
2655 12
2656 12
2657 4
2658 12
2659 16
2660 9
2661 4
2662 12
2663 12
2664 4
2665 2
2666 9
2667 12
2668 10
2669 10
2670 7
2671 0
2672 9
2673 14
2674 6
2675 4
2676 12
2677 1
2678 4
2679 2
2680 9
2681 13
2682 0
2683 16
2684 1
2685 10
2686 3
2687 4
2688 15
2689 1
2690 15
2691 11
2692 0
2693 2
2694 9
2695 12
2696 14
2697 10
2698 7
2699 9
2700 9
2701 12
2702 14
2703 7
2704 9
2705 9
2706 16
2707 4
2708 12
2709 4
2710 12
2711 12
2712 4
2713 15
2714 2
2715 7
2716 14
2717 9
2718 12
2719 4
2720 9
2721 10
2722 12
2723 13
2724 3
2725 12
2726 7
2727 12
2728 4
2729 4
2730 12
2731 12
2732 8
2733 12
2734 12
2735 12
2736 12
2737 10
2738 7
2739 0
2740 4
2741 0
2742 9
2743 9
2744 4
2745 12
2746 7
2747 13
2748 4
2749 9
2750 13
2751 12
2752 14
2753 6
2754 9
2755 12
2756 10
2757 9
2758 10
2759 14
2760 9
2761 12
2762 12
2763 12
2764 12
2765 4
2766 12
2767 9
2768 9
2769 10
2770 3
2771 9
2772 2
2773 9
2774 12
2775 12
2776 15
2777 12
2778 12
2779 12
2780 12
2781 12
2782 14
2783 2
2784 1
2785 5
2786 9
2787 6
2788 15
2789 3
2790 12
2791 4
2792 10
2793 12
2794 6
2795 15
2796 12
2797 12
2798 14
2799 12
2800 12
2801 12
2802 0
2803 14
2804 9
2805 10
2806 10
2807 10
2808 10
2809 12
2810 12
2811 4
2812 12
2813 3
2814 6
2815 12
2816 10
2817 16
2818 9
2819 13
2820 4
2821 2
2822 2
2823 4
2824 12
2825 12
2826 12
2827 7
2828 12
2829 12
2830 12
2831 8
2832 8
2833 3
2834 10
2835 12
2836 10
2837 12
2838 12
2839 4
2840 4
2841 12
2842 4
2843 9
2844 3
2845 9
2846 12
2847 0
2848 12
2849 15
2850 12
2851 9
2852 12
2853 12
2854 12
2855 6
2856 12
2857 9
2858 5
2859 10
2860 4
2861 10
2862 9
2863 4
2864 12
2865 10
2866 13
2867 9
2868 4
2869 4
2870 8
2871 16
2872 9
2873 12
2874 9
2875 12
2876 8
2877 6
2878 1
2879 9
2880 12
2881 15
2882 12
2883 12
2884 3
2885 12
2886 12
2887 12
2888 1
2889 12
2890 7
2891 11
2892 12
2893 9
2894 2
2895 4
2896 13
2897 2
2898 12
2899 12
2900 12
2901 13
2902 12
2903 9
2904 3
2905 8
2906 10
2907 4
2908 12
2909 13
2910 14
2911 2
2912 10
2913 1
2914 0
2915 12
2916 0
2917 12
2918 0
2919 15
2920 13
2921 12
2922 10
2923 13
2924 10
2925 15
2926 0
2927 12
2928 14
2929 13
2930 9
2931 7
2932 14
2933 12
2934 9
2935 4
2936 12
2937 15
2938 8
2939 12
2940 8
2941 14
2942 15
2943 13
2944 9
2945 10
2946 0
2947 12
2948 9
2949 10
2950 4
2951 11
2952 9
2953 9
2954 15
2955 12
2956 0
2957 14
2958 15
2959 12
2960 4
2961 9
2962 12
2963 12
2964 14
2965 12
2966 10
2967 9
2968 14
2969 1
2970 12
2971 9
2972 12
2973 12
2974 12
2975 14
2976 12
2977 12
2978 14
2979 10
2980 9
2981 13
2982 9
2983 10
2984 7
2985 14
2986 10
2987 9
2988 12
2989 10
2990 11
2991 12
2992 12
2993 4
2994 4
2995 9
2996 7
2997 12
2998 1
2999 16
3000 12
3001 12
3002 4
3003 4
3004 10
3005 6
3006 1
3007 12
3008 14
3009 12
3010 10
3011 12
3012 2
3013 10
3014 12
3015 9
3016 12
3017 15
3018 14
3019 12
3020 13
3021 5
3022 12
3023 15
3024 10
3025 15
3026 12
3027 9
3028 12
3029 9
3030 2
3031 16
3032 11
3033 10
3034 11
3035 9
3036 12
3037 2
3038 4
3039 1
3040 12
3041 0
3042 1
3043 14
3044 12
3045 4
3046 7
3047 14
3048 12
3049 9
3050 12
3051 15
3052 9
3053 2
3054 14
3055 13
3056 12
3057 9
3058 1
3059 14
3060 10
3061 12
3062 4
3063 14
3064 3
3065 12
3066 7
3067 7
3068 10
3069 4
3070 9
3071 3
3072 10
3073 7
3074 12
3075 10
3076 7
3077 12
3078 12
3079 12
3080 4
3081 5
3082 0
3083 12
3084 9
3085 9
3086 8
3087 12
3088 0
3089 14
3090 4
3091 12
3092 9
3093 9
3094 14
3095 12
3096 3
3097 9
3098 9
3099 14
3100 3
3101 11
3102 3
3103 10
3104 14
3105 4
3106 12
3107 9
3108 2
3109 9
3110 15
3111 12
3112 1
3113 10
3114 4
3115 9
3116 12
3117 9
3118 12
3119 7
3120 4
3121 1
3122 4
3123 9
3124 4
3125 12
3126 10
3127 9
3128 12
3129 3
3130 10
3131 2
3132 9
3133 14
3134 12
3135 11
3136 2
3137 9
3138 4
3139 4
3140 1
3141 11
3142 7
3143 1
3144 12
3145 12
3146 12
3147 12
3148 12
3149 4
3150 14
3151 12
3152 2
3153 0
3154 9
3155 9
3156 10
3157 9
3158 12
3159 12
3160 4
3161 9
3162 15
3163 12
3164 4
3165 12
3166 3
3167 12
3168 5
3169 12
3170 12
3171 14
3172 8
3173 5
3174 12
3175 9
3176 9
3177 12
3178 10
3179 9
3180 12
3181 1
3182 13
3183 12
3184 11
3185 1
3186 4
3187 13
3188 13
3189 13
3190 3
3191 12
3192 12
3193 9
3194 13
3195 9
3196 12
3197 12
3198 14
3199 12
3200 4
3201 8
3202 15
3203 12
3204 4
3205 0
3206 15
3207 12
3208 4
3209 2
3210 6
3211 9
3212 12
3213 5
3214 14
3215 10
3216 15
3217 12
3218 4
3219 9
3220 10
3221 5
3222 14
3223 4
3224 12
3225 3
3226 9
3227 12
3228 11
3229 3
3230 15
3231 16
3232 2
3233 4
3234 3
3235 9
3236 12
3237 4
3238 11
3239 14
3240 4
3241 14
3242 12
3243 14
3244 9
3245 12
3246 10
3247 9
3248 12
3249 5
3250 9
3251 4
3252 4
3253 9
3254 12
3255 10
3256 4
3257 9
3258 4
3259 2
3260 12
3261 12
3262 1
3263 12
3264 10
3265 12
3266 2
3267 4
3268 0
3269 3
3270 12
3271 12
3272 12
3273 0
3274 4
3275 10
3276 7
3277 14
3278 15
3279 12
3280 7
3281 7
3282 14
3283 9
3284 0
3285 2
3286 12
3287 15
3288 10
3289 12
3290 7
3291 12
3292 4
3293 9
3294 12
3295 12
3296 12
3297 12
3298 3
3299 5
3300 1
3301 16
3302 4
3303 0
3304 4
3305 4
3306 12
3307 3
3308 4
3309 14
3310 8
3311 11
3312 16
3313 0
3314 12
3315 3
3316 10
3317 12
3318 8
3319 1
3320 4
3321 12
3322 3
3323 9
3324 9
3325 14
3326 9
3327 4
3328 8
3329 14
3330 12
3331 7
3332 12
3333 1
3334 10
3335 10
3336 12
3337 11
3338 9
3339 12
3340 12
3341 7
3342 9
3343 12
3344 12
3345 12
3346 12
3347 12
3348 16
3349 12
3350 12
3351 12
3352 15
3353 12
3354 12
3355 9
3356 12
3357 12
3358 11
3359 12
3360 12
3361 4
3362 13
3363 15
3364 0
3365 12
3366 12
3367 12
3368 4
3369 9
3370 8
3371 12
3372 2
3373 9
3374 14
3375 12
3376 12
3377 12
3378 12
3379 12
3380 12
3381 9
3382 12
3383 15
3384 12
3385 3
3386 10
3387 16
3388 1
3389 15
3390 12
3391 8
3392 9
3393 12
3394 1
3395 10
3396 16
3397 10
3398 1
3399 14
3400 15
3401 10
3402 12
3403 15
3404 15
3405 12
3406 10
3407 4
3408 12
3409 4
3410 2
3411 4
3412 3
3413 15
3414 8
3415 3
3416 12
3417 15
3418 8
3419 15
3420 14
3421 9
3422 9
3423 12
3424 14
3425 14
3426 3
3427 12
3428 12
3429 15
3430 12
3431 1
3432 10
3433 12
3434 10
3435 3
3436 16
3437 11
3438 11
3439 12
3440 12
3441 3
3442 13
3443 12
3444 12
3445 1
3446 7
3447 10
3448 12
3449 3
3450 4
3451 12
3452 4
3453 5
3454 9
3455 11
3456 9
3457 12
3458 12
3459 12
3460 10
3461 15
3462 9
3463 11
3464 8
3465 9
3466 7
3467 12
3468 4
3469 12
3470 9
3471 10
3472 9
3473 8
3474 12
3475 9
3476 12
3477 12
3478 12
3479 14
3480 11
3481 12
3482 2
3483 8
3484 4
3485 11
3486 9
3487 12
3488 12
3489 10
3490 5
3491 9
3492 3
3493 1
3494 12
3495 12
3496 4
3497 10
3498 4
3499 14
3500 15
3501 12
3502 1
3503 12
3504 9
3505 0
3506 4
3507 9
3508 12
3509 2
3510 10
3511 10
3512 4
3513 2
3514 1
3515 8
3516 2
3517 12
3518 13
3519 12
3520 12
3521 15
3522 11
3523 12
3524 15
3525 12
3526 10
3527 12
3528 1
3529 16
3530 3
3531 12
3532 4
3533 14
3534 12
3535 4
3536 1
3537 15
3538 12
3539 12
3540 0
3541 1
3542 4
3543 9
3544 10
3545 4
3546 4
3547 13
3548 8
3549 11
3550 14
3551 12
3552 11
3553 12
3554 9
3555 12
3556 6
3557 4
3558 12
3559 1
3560 12
3561 10
3562 12
3563 4
3564 7
3565 4
3566 12
3567 14
3568 12
3569 12
3570 12
3571 10
3572 7
3573 9
3574 4
3575 10
3576 10
3577 4
3578 4
3579 12
3580 14
3581 15
3582 14
3583 12
3584 12
3585 10
3586 16
3587 4
3588 4
3589 15
3590 12
3591 7
3592 12
3593 8
3594 12
3595 14
3596 12
3597 4
3598 4
3599 0
3600 9
3601 9
3602 3
3603 12
3604 13
3605 9
3606 12
3607 7
3608 12
3609 12
3610 12
3611 10
3612 1
3613 12
3614 10
3615 14
3616 4
3617 9
3618 9
3619 10
3620 0
3621 3
3622 4
3623 9
3624 12
3625 12
3626 14
3627 12
3628 9
3629 10
3630 12
3631 12
3632 3
3633 3
3634 9
3635 9
3636 7
3637 12
3638 9
3639 8
3640 4
3641 9
3642 14
3643 12
3644 9
3645 14
3646 1
3647 8
3648 6
3649 9
3650 7
3651 12
3652 12
3653 12
3654 12
3655 12
3656 4
3657 4
3658 12
3659 13
3660 12
3661 10
3662 2
3663 1
3664 7
3665 5
3666 10
3667 10
3668 3
3669 12
3670 4
3671 12
3672 10
3673 8
3674 14
3675 12
3676 3
3677 9
3678 10
3679 14
3680 12
3681 12
3682 4
3683 12
3684 4
3685 4
3686 12
3687 9
3688 11
3689 3
3690 4
3691 9
3692 9
3693 2
3694 15
3695 4
3696 12
3697 14
3698 10
3699 12
3700 15
3701 14
3702 9
3703 8
3704 12
3705 15
3706 12
3707 10
3708 12
3709 10
3710 5
3711 15
3712 9
3713 9
3714 16
3715 14
3716 5
3717 15
3718 9
3719 0
3720 9
3721 14
3722 9
3723 13
3724 9
3725 9
3726 12
3727 2
3728 12
3729 12
3730 12
3731 9
3732 12
3733 9
3734 9
3735 12
3736 4
3737 16
3738 11
3739 12
3740 15
3741 9
3742 9
3743 12
3744 10
3745 12
3746 9
3747 7
3748 12
3749 12
3750 12
3751 12
3752 12
3753 12
3754 10
3755 4
3756 9
3757 2
3758 15
3759 14
3760 9
3761 12
3762 12
3763 10
3764 12
3765 5
3766 4
3767 15
3768 9
3769 2
3770 14
3771 9
3772 10
3773 12
3774 10
3775 12
3776 9
3777 9
3778 8
3779 6
3780 14
3781 9
3782 12
3783 9
3784 6
3785 4
3786 12
3787 9
3788 11
3789 9
3790 4
3791 13
3792 10
3793 10
3794 14
3795 12
3796 14
3797 0
3798 12
3799 4
3800 9
3801 4
3802 12
3803 12
3804 3
3805 4
3806 12
3807 9
3808 12
3809 11
3810 12
3811 12
3812 12
3813 9
3814 13
3815 10
3816 9
3817 0
3818 12
3819 4
3820 12
3821 12
3822 12
3823 13
3824 9
3825 4
3826 4
3827 9
3828 12
3829 2
3830 9
3831 12
3832 4
3833 14
3834 10
3835 4
3836 13
3837 10
3838 12
3839 4
3840 5
3841 9
3842 14
3843 12
3844 12
3845 9
3846 10
3847 12
3848 2
3849 12
3850 12
3851 12
3852 10
3853 10
3854 12
3855 1
3856 12
3857 3
3858 8
3859 9
3860 12
3861 9
3862 3
3863 9
3864 12
3865 10
3866 4
3867 12
3868 10
3869 9
3870 9
3871 13
3872 9
3873 10
3874 4
3875 12
3876 10
3877 12
3878 4
3879 12
3880 13
3881 9
3882 14
3883 14
3884 9
3885 12
3886 12
3887 9
3888 7
3889 10
3890 9
3891 4
3892 8
3893 15
3894 9
3895 4
3896 4
3897 15
3898 12
3899 10
3900 12
3901 1
3902 6
3903 12
3904 12
3905 10
3906 12
3907 0
3908 15
3909 12
3910 9
3911 12
3912 13
3913 12
3914 12
3915 12
3916 9
3917 11
3918 1
3919 4
3920 12
3921 15
3922 9
3923 10
3924 10
3925 12
3926 13
3927 12
3928 9
3929 9
3930 14
3931 3
3932 15
3933 10
3934 12
3935 10
3936 10
3937 15
3938 12
3939 3
3940 9
3941 9
3942 4
3943 12
3944 16
3945 10
3946 15
3947 4
3948 12
3949 12
3950 2
3951 12
3952 12
3953 12
3954 4
3955 12
3956 14
3957 4
3958 13
3959 10
3960 12
3961 12
3962 14
3963 12
3964 12
3965 5
3966 4
3967 12
3968 15
3969 10
3970 12
3971 9
3972 4
3973 12
3974 12
3975 1
3976 10
3977 2
3978 14
3979 10
3980 12
3981 8
3982 12
3983 10
3984 8
3985 0
3986 9
3987 1
3988 7
3989 12
3990 11
3991 12
3992 12
3993 9
3994 10
3995 3
3996 3
3997 1
3998 0
3999 12
4000 10
4001 16
4002 2
4003 9
4004 4
4005 12
4006 9
4007 9
4008 9
4009 12
4010 1
4011 12
4012 6
4013 10
4014 15
4015 7
4016 3
4017 14
4018 4
4019 12
4020 4
4021 15
4022 2
4023 10
4024 12
4025 12
4026 10
4027 12
4028 12
4029 9
4030 4
4031 9
4032 4
4033 9
4034 14
4035 0
4036 10
4037 11
4038 2
4039 15
4040 9
4041 12
4042 10
4043 1
4044 14
4045 10
4046 12
4047 4
4048 12
4049 12
4050 3
4051 10
4052 12
4053 9
4054 9
4055 9
4056 12
4057 14
4058 7
4059 4
4060 9
4061 7
4062 8
4063 14
4064 9
4065 15
4066 12
4067 5
4068 12
4069 9
4070 12
4071 12
4072 9
4073 10
4074 12
4075 12
4076 9
4077 4
4078 9
4079 10
4080 12
4081 12
4082 9
4083 0
4084 11
4085 12
4086 12
4087 3
4088 15
4089 9
4090 12
4091 8
4092 10
4093 0
4094 12
4095 4
4096 12
4097 12
4098 4
4099 9
4100 2
4101 1
4102 4
4103 3
4104 12
4105 9
4106 12
4107 12
4108 16
4109 15
4110 10
4111 10
4112 12
4113 12
4114 12
4115 9
4116 12
4117 9
4118 0
4119 14
4120 12
4121 2
4122 14
4123 12
4124 4
4125 12
4126 12
4127 10
4128 9
4129 12
4130 14
4131 12
4132 12
4133 1
4134 12
4135 11
4136 9
4137 8
4138 8
4139 14
4140 4
4141 4
4142 15
4143 3
4144 13
4145 3
4146 12
4147 7
4148 1
4149 12
4150 9
4151 7
4152 10
4153 4
4154 4
4155 14
4156 12
4157 0
4158 12
4159 12
4160 10
4161 1
4162 12
4163 12
4164 12
4165 4
4166 15
4167 9
4168 9
4169 13
4170 1
4171 16
4172 12
4173 4
4174 4
4175 15
4176 4
4177 9
4178 10
4179 2
4180 12
4181 12
4182 12
4183 1
4184 6
4185 15
4186 12
4187 14
4188 14
4189 12
4190 7
4191 6
4192 9
4193 4
4194 12
4195 5
4196 4
4197 14
4198 9
4199 4
4200 10
4201 10
4202 12
4203 4
4204 9
4205 10
4206 12
4207 13
4208 4
4209 12
4210 8
4211 7
4212 12
4213 9
4214 9
4215 4
4216 7
4217 4
4218 4
4219 4
4220 9
4221 12
4222 9
4223 1
4224 7
4225 12
4226 2
4227 16
4228 12
4229 8
4230 12
4231 10
4232 4
4233 9
4234 10
4235 12
4236 0
4237 4
4238 9
4239 12
4240 12
4241 2
4242 10
4243 4
4244 0
4245 10
4246 9
4247 12
4248 0
4249 0
4250 2
4251 10
4252 12
4253 12
4254 0
4255 11
4256 7
4257 3
4258 11
4259 12
4260 0
4261 4
4262 12
4263 15
4264 1
4265 4
4266 6
4267 4
4268 12
4269 12
4270 12
4271 2
4272 4
4273 12
4274 10
4275 8
4276 7
4277 9
4278 12
4279 14
4280 12
4281 9
4282 4
4283 4
4284 3
4285 14
4286 10
4287 9
4288 10
4289 9
4290 12
4291 9
4292 7
4293 12
4294 15
4295 4
4296 10
4297 3
4298 4
4299 4
4300 14
4301 12
4302 1
4303 12
4304 1
4305 3
4306 7
4307 8
4308 4
4309 3
4310 8
4311 12
4312 9
4313 11
4314 2
4315 15
4316 16
4317 10
4318 12
4319 10
4320 0
4321 9
4322 10
4323 14
4324 12
4325 9
4326 9
4327 0
4328 8
4329 6
4330 14
4331 9
4332 1
4333 3
4334 9
4335 14
4336 12
4337 12
4338 12
4339 4
4340 8
4341 15
4342 2
4343 16
4344 7
4345 4
4346 4
4347 9
4348 15
4349 12
4350 4
4351 12
4352 12
4353 9
4354 9
4355 14
4356 7
4357 7
4358 12
4359 12
4360 14
4361 5
4362 4
4363 12
4364 3
4365 12
4366 9
4367 12
4368 4
4369 9
4370 12
4371 9
4372 4
4373 12
4374 12
4375 8
4376 15
4377 10
4378 9
4379 12
4380 12
4381 15
4382 1
4383 3
4384 14
4385 4
4386 14
4387 3
4388 9
4389 9
4390 10
4391 14
4392 12
4393 9
4394 12
4395 12
4396 10
4397 9
4398 2
4399 0
4400 9
4401 16
4402 12
4403 15
4404 9
4405 10
4406 2
4407 15
4408 12
4409 10
4410 3
4411 12
4412 10
4413 12
4414 10
4415 14
4416 12
4417 12
4418 12
4419 15
4420 4
4421 0
4422 5
4423 9
4424 14
4425 12
4426 14
4427 15
4428 11
4429 12
4430 7
4431 3
4432 9
4433 10
4434 10
4435 2
4436 4
4437 7
4438 8
4439 9
4440 12
4441 1
4442 9
4443 7
4444 12
4445 9
4446 2
4447 15
4448 12
4449 1
4450 3
4451 12
4452 11
4453 9
4454 1
4455 4
4456 4
4457 2
4458 10
4459 12
4460 2
4461 3
4462 2
4463 12
4464 4
4465 1
4466 9
4467 7
4468 12
4469 3
4470 8
4471 12
4472 13
4473 15
4474 10
4475 1
4476 14
4477 3
4478 16
4479 12
4480 9
4481 4
4482 7
4483 10
4484 0
4485 5
4486 12
4487 9
4488 2
4489 4
4490 12
4491 7
4492 10
4493 12
4494 4
4495 10
4496 4
4497 12
4498 3
4499 4
4500 9
4501 9
4502 4
4503 9
4504 9
4505 10
4506 12
4507 0
4508 4
4509 7
4510 11
4511 12
4512 9
4513 10
4514 1
4515 12
4516 11
4517 14
4518 10
4519 8
4520 4
4521 10
4522 4
4523 9
4524 3
4525 4
4526 13
4527 7
4528 12
4529 4
4530 15
4531 4
4532 9
4533 12
4534 12
4535 12
4536 12
4537 12
4538 3
4539 3
4540 14
4541 12
4542 9
4543 14
4544 3
4545 11
4546 12
4547 10
4548 10
4549 10
4550 8
4551 3
4552 12
4553 10
4554 12
4555 10
4556 10
4557 2
4558 8
4559 4
4560 12
4561 9
4562 12
4563 9
4564 12
4565 12
4566 14
4567 13
4568 1
4569 12
4570 9
4571 14
4572 14
4573 2
4574 12
4575 10
4576 12
4577 6
4578 10
4579 4
4580 10
4581 12
4582 9
4583 1
4584 4
4585 4
4586 4
4587 14
4588 9
4589 3
4590 3
4591 0
4592 12
4593 1
4594 4
4595 4
4596 12
4597 12
4598 14
4599 12
4600 3
4601 15
4602 6
4603 15
4604 4
4605 2
4606 12
4607 10
4608 4
4609 13
4610 13
4611 7
4612 9
4613 12
4614 2
4615 12
4616 9
4617 15
4618 3
4619 3
4620 10
4621 9
4622 14
4623 9
4624 4
4625 12
4626 7
4627 12
4628 12
4629 10
4630 15
4631 12
4632 9
4633 12
4634 0
4635 12
4636 12
4637 10
4638 12
4639 2
4640 2
4641 9
4642 15
4643 3
4644 0
4645 10
4646 4
4647 12
4648 12
4649 10
4650 10
4651 12
4652 12
4653 9
4654 14
4655 12
4656 12
4657 9
4658 12
4659 14
4660 12
4661 12
4662 12
4663 4
4664 1
4665 12
4666 12
4667 7
4668 4
4669 15
4670 9
4671 9
4672 1
4673 14
4674 4
4675 4
4676 1
4677 12
4678 12
4679 4
4680 0
4681 12
4682 0
4683 7
4684 4
4685 4
4686 12
4687 12
4688 10
4689 2
4690 9
4691 9
4692 1
4693 9
4694 9
4695 10
4696 9
4697 12
4698 14
4699 12
4700 0
4701 15
4702 12
4703 10
4704 12
4705 15
4706 14
4707 9
4708 10
4709 4
4710 9
4711 1
4712 12
4713 12
4714 3
4715 8
4716 9
4717 14
4718 6
4719 9
4720 9
4721 12
4722 2
4723 12
4724 9
4725 1
4726 15
4727 9
4728 4
4729 15
4730 12
4731 10
4732 12
4733 13
4734 9
4735 4
4736 12
4737 12
4738 15
4739 6
4740 4
4741 4
4742 3
4743 7
4744 16
4745 3
4746 6
4747 4
4748 12
4749 14
4750 13
4751 2
4752 1
4753 16
4754 12
4755 9
4756 12
4757 15
4758 12
4759 12
4760 15
4761 9
4762 8
4763 3
4764 12
4765 12
4766 12
4767 12
4768 10
4769 12
4770 12
4771 0
4772 12
4773 10
4774 12
4775 12
4776 12
4777 12
4778 15
4779 14
4780 14
4781 9
4782 3
4783 12
4784 12
4785 12
4786 9
4787 4
4788 4
4789 4
4790 15
4791 9
4792 10
4793 11
4794 12
4795 8
4796 12
4797 10
4798 9
4799 10
4800 4
4801 9
4802 15
4803 4
4804 9
4805 16
4806 12
4807 16
4808 12
4809 12
4810 9
4811 14
4812 4
4813 12
4814 16
4815 9
4816 16
4817 4
4818 9
4819 5
4820 15
4821 4
4822 1
4823 12
4824 9
4825 4
4826 9
4827 7
4828 2
4829 9
4830 5
4831 6
4832 4
4833 12
4834 9
4835 12
4836 9
4837 4
4838 9
4839 11
4840 1
4841 12
4842 10
4843 4
4844 14
4845 12
4846 9
4847 10
4848 12
4849 10
4850 10
4851 3
4852 12
4853 4
4854 8
4855 14
4856 6
4857 3
4858 15
4859 12
4860 9
4861 11
4862 10
4863 12
4864 4
4865 4
4866 12
4867 12
4868 11
4869 12
4870 13
4871 3
4872 9
4873 12
4874 10
4875 11
4876 12
4877 0
4878 10
4879 12
4880 10
4881 4
4882 12
4883 10
4884 4
4885 10
4886 12
4887 10
4888 1
4889 9
4890 4
4891 14
4892 9
4893 12
4894 8
4895 12
4896 12
4897 7
4898 4
4899 1
4900 14
4901 12
4902 14
4903 12
4904 9
4905 15
4906 4
4907 2
4908 4
4909 3
4910 15
4911 1
4912 12
4913 2
4914 12
4915 2
4916 9
4917 12
4918 9
4919 10
4920 15
4921 4
4922 12
4923 4
4924 12
4925 3
4926 12
4927 10
4928 9
4929 12
4930 9
4931 14
4932 13
4933 12
4934 9
4935 9
4936 12
4937 12
4938 2
4939 8
4940 12
4941 9
4942 12
4943 12
4944 2
4945 9
4946 12
4947 10
4948 4
4949 5
4950 12
4951 12
4952 12
4953 3
4954 9
4955 11
4956 4
4957 12
4958 14
4959 1
4960 0
4961 4
4962 3
4963 2
4964 14
4965 5
4966 3
4967 8
4968 4
4969 12
4970 4
4971 4
4972 5
4973 9
4974 7
4975 12
4976 10
4977 10
4978 12
4979 15
4980 12
4981 4
4982 12
4983 12
4984 12
4985 2
4986 3
4987 4
4988 4
4989 12
4990 8
4991 12
4992 4
4993 0
4994 0
4995 12
4996 0
4997 12
4998 1
4999 1
5000 1
5001 1
5002 1
5003 2
5004 2
5005 2
5006 2
5007 12
5008 3
5009 12
5010 3
5011 3
5012 3
5013 4
5014 12
5015 4
5016 4
5017 12
5018 5
5019 5
5020 5
5021 12
5022 5
5023 6
5024 12
5025 12
5026 6
5027 6
5028 8
5029 8
5030 8
5031 8
5032 8
5033 9
5034 12
5035 9
5036 12
5037 9
5038 13
5039 13
5040 13
5041 13
5042 13
5043 14
5044 12
5045 14
5046 14
5047 3
5048 0
5049 0
5050 0
5051 1
5052 1
5053 1
5054 4
5055 12
5056 12
5057 6
5058 6
5059 6
5060 14
5061 14
5062 14
